Running committee mace with 5 models
 time(fs) epot       ekin       temp(K) sd        
  0.0 3.16499e-01 1.27550e-01   987 0.0002453
  0.5 3.17721e-01 1.27903e-01   990 0.0002554
  1.0 3.20094e-01 1.23846e-01   958 0.0002651
  1.5 3.21763e-01 1.21637e-01   941 0.0002763
  2.0 3.22031e-01 1.20893e-01   935 0.0002889
  2.5 3.21795e-01 1.21728e-01   942 0.0003031
  3.0 3.22312e-01 1.22079e-01   944 0.0003160
  3.5 3.23856e-01 1.20499e-01   932 0.0003250
  4.0 3.25861e-01 1.19711e-01   926 0.0003299
  4.5 3.27457e-01 1.17061e-01   906 0.0003320
  5.0 3.28077e-01 1.17193e-01   907 0.0003316
  5.5 3.27608e-01 1.16121e-01   898 0.0003319
  6.0 3.26074e-01 1.17746e-01   911 0.0003350
  6.5 3.24308e-01 1.19847e-01   927 0.0003437
  7.0 3.23490e-01 1.19507e-01   925 0.0003580
  7.5 3.24480e-01 1.16984e-01   905 0.0003781
  8.0 3.27283e-01 1.13371e-01   877 0.0004030
  8.5 3.30537e-01 1.11464e-01   862 0.0004314
  9.0 3.32289e-01 1.10805e-01   857 0.0004578
  9.5 3.32372e-01 1.10500e-01   855 0.0004797
 10.0 3.32235e-01 1.10113e-01   852 0.0005002
 10.5 3.33238e-01 1.08220e-01   837 0.0005200
 11.0 3.35501e-01 1.06191e-01   822 0.0005368
 11.5 3.38095e-01 1.03140e-01   798 0.0005517
 12.0 3.40184e-01 1.02164e-01   790 0.0005682
 12.5 3.40913e-01 1.01531e-01   785 0.0005883
 13.0 3.39969e-01 1.02555e-01   793 0.0006148
 13.5 3.37791e-01 1.04987e-01   812 0.0006473
 14.0 3.35367e-01 1.09592e-01   848 0.0006826
 14.5 3.34122e-01 1.11700e-01   864 0.0007185
 15.0 3.35073e-01 1.11028e-01   859 0.0007567
 15.5 3.37857e-01 1.08926e-01   843 0.0008012
 16.0 3.40579e-01 1.07570e-01   832 0.0008482
 16.5 3.41960e-01 1.07390e-01   831 0.0008929
 17.0 3.41624e-01 1.07607e-01   832 0.0009339
 17.5 3.40991e-01 1.07845e-01   834 0.0009740
 18.0 3.41540e-01 1.09683e-01   849 0.0010151
 18.5 3.43553e-01 1.11567e-01   863 0.0010567
 19.0 3.46330e-01 1.08242e-01   837 0.0010978
 19.5 3.48493e-01 1.05935e-01   820 0.0011416
 20.0 3.48865e-01 1.06536e-01   824 0.0011921
 20.5 3.47109e-01 1.08282e-01   838 0.0012527
 21.0 3.44002e-01 1.11078e-01   859 0.0013193
 21.5 3.40887e-01 1.15748e-01   895 0.0013890
 22.0 3.39137e-01 1.16578e-01   902 0.0014568
 22.5 3.39533e-01 1.15901e-01   897 0.0015261
 23.0 3.41353e-01 1.14564e-01   886 0.0016002
 23.5 3.42808e-01 1.14542e-01   886 0.0016756
 24.0 3.42675e-01 1.12867e-01   873 0.0017491
 24.5 3.41372e-01 1.13694e-01   880 0.0018198
 25.0 3.40131e-01 1.16267e-01   899 0.0018906
 25.5 3.39782e-01 1.16947e-01   905 0.0019639
 26.0 3.40613e-01 1.17330e-01   908 0.0020378
 26.5 3.41845e-01 1.16577e-01   902 0.0021203
 27.0 3.42263e-01 1.18079e-01   913 0.0022217
 27.5 3.41410e-01 1.20727e-01   934 0.0023545
 28.0 3.38648e-01 1.24245e-01   961 0.0025483
 28.5 3.33698e-01 1.31907e-01  1020 0.0028585
 29.0 3.27616e-01 1.37424e-01  1063 0.0033726
 29.5 3.22732e-01 1.40728e-01  1089 0.0041933
 30.0 3.21780e-01 1.40918e-01  1090 0.0053253
 30.5 3.23961e-01 1.36999e-01  1060 0.0067174
 31.0 3.26659e-01 1.32908e-01  1028 0.0083063
 31.5 3.28467e-01 1.31090e-01  1014 0.0098608
 32.0 3.29491e-01 1.29626e-01  1003 0.0110133
 32.5 3.30946e-01 1.27448e-01   986 0.0122141
 33.0 3.33644e-01 1.24691e-01   965 0.0155207
 33.5 3.39708e-01 1.18647e-01   918 0.0251735
 34.0 3.37108e-01 1.18920e-01   920 0.0151516
 34.5 3.37099e-01 1.20571e-01   933 0.0119736
 35.0 3.36790e-01 1.20029e-01   929 0.0109214
 35.5 3.35476e-01 1.24259e-01   961 0.0103119
 36.0 3.33306e-01 1.25875e-01   974 0.0095758
 36.5 3.31217e-01 1.26985e-01   982 0.0085801
 37.0 3.30259e-01 1.25197e-01   969 0.0074037
 37.5 3.30680e-01 1.25516e-01   971 0.0062076
 38.0 3.31654e-01 1.23997e-01   959 0.0052011
 38.5 3.32164e-01 1.22618e-01   949 0.0045026
 39.0 3.31442e-01 1.23027e-01   952 0.0040900
 39.5 3.29650e-01 1.24706e-01   965 0.0040203
 40.0 3.27725e-01 1.26188e-01   976 0.0044245
 40.5 3.28235e-01 1.24706e-01   965 0.0052913
 41.0 3.31505e-01 1.22780e-01   950 0.0060344
 41.5 3.35168e-01 1.19129e-01   922 0.0063544
 42.0 3.37606e-01 1.16788e-01   904 0.0062697
 42.5 3.38519e-01 1.17335e-01   908 0.0058840
 43.0 3.38031e-01 1.18259e-01   915 0.0052907
 43.5 3.37016e-01 1.18656e-01   918 0.0047031
 44.0 3.36034e-01 1.23517e-01   956 0.0043811
 44.5 3.34912e-01 1.24187e-01   961 0.0045063
 45.0 3.34511e-01 1.25964e-01   975 0.0050221
 45.5 3.35276e-01 1.25677e-01   972 0.0058013
 46.0 3.35533e-01 1.24178e-01   961 0.0064962
 46.5 3.34190e-01 1.25735e-01   973 0.0067945
 47.0 3.31633e-01 1.27019e-01   983 0.0065710
 47.5 3.29511e-01 1.29006e-01   998 0.0059814
 48.0 3.30266e-01 1.29938e-01  1005 0.0052073
 48.5 3.35667e-01 1.25147e-01   968 0.0043061
 49.0 3.40945e-01 1.19776e-01   927 0.0038401
 49.5 3.38415e-01 1.20707e-01   934 0.0040768
 50.0 3.33299e-01 1.25851e-01   974 0.0047957
 50.5 3.31511e-01 1.28352e-01   993 0.0058817
 51.0 3.32572e-01 1.27950e-01   990 0.0070106
 51.5 3.33969e-01 1.27318e-01   985 0.0073519
 52.0 3.34431e-01 1.26846e-01   981 0.0066575
 52.5 3.34484e-01 1.26789e-01   981 0.0054772
 53.0 3.35449e-01 1.25115e-01   968 0.0044324
 53.5 3.34277e-01 1.27846e-01   989 0.0042780
 54.0 3.29232e-01 1.32352e-01  1024 0.0055871
 54.5 3.26585e-01 1.33948e-01  1036 0.0067890
 55.0 3.25425e-01 1.35384e-01  1047 0.0066139
 55.5 3.27963e-01 1.31611e-01  1018 0.0050119
 56.0 3.36694e-01 1.23231e-01   953 0.0039588
 56.5 3.40390e-01 1.19738e-01   926 0.0041080
 57.0 3.35956e-01 1.24891e-01   966 0.0044536
 57.5 3.32407e-01 1.29217e-01  1000 0.0042895
 58.0 3.32329e-01 1.29011e-01   998 0.0042746
 58.5 3.31423e-01 1.29783e-01  1004 0.0059606
 59.0 3.32801e-01 1.28667e-01   995 0.0069390
 59.5 3.34047e-01 1.27724e-01   988 0.0063818
 60.0 3.37082e-01 1.24803e-01   966 0.0049691
 60.5 3.40091e-01 1.22089e-01   945 0.0046361
 61.0 3.39620e-01 1.22596e-01   948 0.0065116
 61.5 3.40626e-01 1.20438e-01   932 0.0085112
 62.0 3.41411e-01 1.17703e-01   911 0.0102224
 62.5 3.42490e-01 1.15630e-01   895 0.0113760
 63.0 3.43865e-01 1.14181e-01   883 0.0119647
 63.5 3.44893e-01 1.11510e-01   863 0.0119380
 64.0 3.45070e-01 1.11244e-01   861 0.0114482
 64.5 3.44072e-01 1.10763e-01   857 0.0103840
 65.0 3.41699e-01 1.10659e-01   856 0.0086311
 65.5 3.38937e-01 1.13449e-01   878 0.0063730
 66.0 3.39927e-01 1.12543e-01   871 0.0042827
 66.5 3.39852e-01 1.13531e-01   878 0.0040999
 67.0 3.36610e-01 1.15116e-01   891 0.0057017
 67.5 3.38035e-01 1.16524e-01   901 0.0072111
 68.0 3.39998e-01 1.14823e-01   888 0.0080194
 68.5 3.40201e-01 1.15265e-01   892 0.0079466
 69.0 3.37619e-01 1.17251e-01   907 0.0069493
 69.5 3.35963e-01 1.18240e-01   915 0.0051863
 70.0 3.40305e-01 1.13395e-01   877 0.0038051
 70.5 3.35179e-01 1.18380e-01   916 0.0051732
 71.0 3.34909e-01 1.17726e-01   911 0.0073980
 71.5 3.36125e-01 1.16764e-01   903 0.0086354
 72.0 3.37409e-01 1.16045e-01   898 0.0084107
 72.5 3.38446e-01 1.15510e-01   894 0.0068082
 73.0 3.41076e-01 1.14139e-01   883 0.0045893
 73.5 3.38209e-01 1.16287e-01   900 0.0056820
 74.0 3.36270e-01 1.17664e-01   910 0.0070296
 74.5 3.35052e-01 1.17299e-01   907 0.0072083
 75.0 3.35164e-01 1.16045e-01   898 0.0059985
 75.5 3.39737e-01 1.12212e-01   868 0.0040421
 76.0 3.37111e-01 1.16392e-01   900 0.0049344
 76.5 3.35473e-01 1.18499e-01   917 0.0063913
 77.0 3.34925e-01 1.19463e-01   924 0.0069195
 77.5 3.35447e-01 1.21172e-01   937 0.0063120
 78.0 3.38002e-01 1.18300e-01   915 0.0049470
 78.5 3.39660e-01 1.14875e-01   889 0.0048644
 79.0 3.39404e-01 1.15334e-01   892 0.0065046
 79.5 3.40183e-01 1.15087e-01   890 0.0076209
 80.0 3.39970e-01 1.16107e-01   898 0.0076369
 80.5 3.37752e-01 1.18616e-01   918 0.0070243
 81.0 3.35508e-01 1.19963e-01   928 0.0054024
 81.5 3.37535e-01 1.20393e-01   931 0.0040263
 82.0 3.35098e-01 1.22041e-01   944 0.0046726
 82.5 3.37391e-01 1.19998e-01   928 0.0056538
 83.0 3.42350e-01 1.17170e-01   906 0.0059199
 83.5 3.41957e-01 1.16598e-01   902 0.0052557
 84.0 3.38710e-01 1.17374e-01   908 0.0041919
 84.5 3.36331e-01 1.21431e-01   939 0.0041200
 85.0 3.34119e-01 1.23371e-01   954 0.0054357
 85.5 3.35620e-01 1.22196e-01   945 0.0062989
 86.0 3.37773e-01 1.21376e-01   939 0.0061454
 86.5 3.40110e-01 1.18724e-01   918 0.0054493
 87.0 3.40885e-01 1.20365e-01   931 0.0053227
 87.5 3.39322e-01 1.22792e-01   950 0.0063329
 88.0 3.37642e-01 1.26833e-01   981 0.0076282
 88.5 3.36339e-01 1.26365e-01   978 0.0086606
 89.0 3.35923e-01 1.28251e-01   992 0.0093288
 89.5 3.36192e-01 1.28024e-01   990 0.0093721
 90.0 3.36764e-01 1.27769e-01   988 0.0086326
 90.5 3.37916e-01 1.25572e-01   971 0.0072758
 91.0 3.39435e-01 1.23965e-01   959 0.0056793
 91.5 3.41038e-01 1.21425e-01   939 0.0046580
 92.0 3.37596e-01 1.25138e-01   968 0.0058852
 92.5 3.35635e-01 1.26920e-01   982 0.0077553
 93.0 3.34456e-01 1.25843e-01   974 0.0089006
 93.5 3.33769e-01 1.26997e-01   982 0.0086372
 94.0 3.33500e-01 1.28689e-01   996 0.0065198
 94.5 3.36743e-01 1.25268e-01   969 0.0042158
 95.0 3.32103e-01 1.28941e-01   998 0.0055658
 95.5 3.29421e-01 1.33932e-01  1036 0.0071116
 96.0 3.30078e-01 1.35127e-01  1045 0.0073677
 96.5 3.33557e-01 1.32311e-01  1024 0.0069614
 97.0 3.34500e-01 1.30755e-01  1012 0.0074022
 97.5 3.32354e-01 1.33458e-01  1032 0.0087811
 98.0 3.31630e-01 1.34823e-01  1043 0.0093532
 98.5 3.33214e-01 1.33081e-01  1030 0.0088657
 99.0 3.35228e-01 1.31271e-01  1016 0.0085179
 99.5 3.35699e-01 1.31947e-01  1021 0.0079045
100.0 3.35172e-01 1.33816e-01  1035 0.0066306
100.5 3.35789e-01 1.32978e-01  1029 0.0050871
101.0 3.37416e-01 1.31862e-01  1020 0.0045928
101.5 3.37703e-01 1.29896e-01  1005 0.0060238
102.0 3.40716e-01 1.26107e-01   976 0.0075253
102.5 3.41171e-01 1.25137e-01   968 0.0083423
103.0 3.38337e-01 1.26145e-01   976 0.0083494
103.5 3.35727e-01 1.26009e-01   975 0.0071675
104.0 3.36002e-01 1.22626e-01   949 0.0049024
104.5 3.41210e-01 1.20111e-01   929 0.0037408
105.0 3.38358e-01 1.21633e-01   941 0.0053229
105.5 3.41159e-01 1.20755e-01   934 0.0077188
106.0 3.41266e-01 1.19352e-01   923 0.0091016
106.5 3.38218e-01 1.20960e-01   936 0.0091579
107.0 3.34291e-01 1.22978e-01   951 0.0078787
107.5 3.31484e-01 1.28301e-01   993 0.0057376
108.0 3.32971e-01 1.25989e-01   975 0.0043026
108.5 3.32149e-01 1.26769e-01   981 0.0050515
109.0 3.34417e-01 1.25384e-01   970 0.0060070
109.5 3.37531e-01 1.21767e-01   942 0.0063226
110.0 3.39614e-01 1.20344e-01   931 0.0061581
110.5 3.40830e-01 1.20364e-01   931 0.0058178
111.0 3.41410e-01 1.21813e-01   942 0.0055111
111.5 3.40349e-01 1.22182e-01   945 0.0052385
112.0 3.38197e-01 1.24055e-01   960 0.0051107
112.5 3.37017e-01 1.25072e-01   968 0.0054158
113.0 3.38966e-01 1.25665e-01   972 0.0059829
113.5 3.42601e-01 1.23490e-01   955 0.0064682
114.0 3.44259e-01 1.20014e-01   928 0.0066098
114.5 3.42827e-01 1.21651e-01   941 0.0065391
115.0 3.39932e-01 1.24869e-01   966 0.0064409
115.5 3.37196e-01 1.25553e-01   971 0.0061556
116.0 3.35291e-01 1.28251e-01   992 0.0054138
116.5 3.35091e-01 1.28136e-01   991 0.0046397
117.0 3.33770e-01 1.28982e-01   998 0.0053108
117.5 3.34283e-01 1.29207e-01  1000 0.0061149
118.0 3.36246e-01 1.27447e-01   986 0.0059938
118.5 3.37093e-01 1.27680e-01   988 0.0050155
119.0 3.32876e-01 1.31429e-01  1017 0.0040340
119.5 3.29721e-01 1.35303e-01  1047 0.0034867
120.0 3.30084e-01 1.37158e-01  1061 0.0032346
120.5 3.32013e-01 1.35109e-01  1045 0.0032338
121.0 3.34559e-01 1.33094e-01  1030 0.0033843
121.5 3.37001e-01 1.30896e-01  1013 0.0035483
122.0 3.37791e-01 1.31201e-01  1015 0.0036975
122.5 3.36263e-01 1.31629e-01  1018 0.0038105
123.0 3.34147e-01 1.32583e-01  1026 0.0038852
123.5 3.32964e-01 1.36189e-01  1054 0.0040754
124.0 3.31373e-01 1.36773e-01  1058 0.0055602
124.5 3.35166e-01 1.35492e-01  1048 0.0087963
125.0 3.38348e-01 1.32469e-01  1025 0.0109278
125.5 3.38368e-01 1.32160e-01  1022 0.0110732
126.0 3.35355e-01 1.34537e-01  1041 0.0094908
126.5 3.30792e-01 1.39380e-01  1078 0.0065044
127.0 3.33193e-01 1.36302e-01  1054 0.0038311
127.5 3.31663e-01 1.36093e-01  1053 0.0040532
128.0 3.30582e-01 1.35957e-01  1052 0.0066275
128.5 3.35218e-01 1.31639e-01  1018 0.0088428
129.0 3.38329e-01 1.29429e-01  1001 0.0099524
129.5 3.38368e-01 1.31004e-01  1013 0.0099005
130.0 3.36345e-01 1.32799e-01  1027 0.0086666
130.5 3.34548e-01 1.33899e-01  1036 0.0065310
131.0 3.37043e-01 1.29344e-01  1001 0.0042855
131.5 3.38674e-01 1.27653e-01   988 0.0041181
132.0 3.37754e-01 1.26861e-01   981 0.0053122
132.5 3.40104e-01 1.26534e-01   979 0.0063999
133.0 3.41625e-01 1.25196e-01   969 0.0069231
133.5 3.38843e-01 1.26562e-01   979 0.0074002
134.0 3.33042e-01 1.31602e-01  1018 0.0073690
134.5 3.29289e-01 1.35777e-01  1050 0.0061685
135.0 3.29688e-01 1.36492e-01  1056 0.0049620
135.5 3.29490e-01 1.33218e-01  1031 0.0049132
136.0 3.28486e-01 1.35438e-01  1048 0.0057409
136.5 3.30376e-01 1.33309e-01  1031 0.0066627
137.0 3.32482e-01 1.30761e-01  1012 0.0069105
137.5 3.33510e-01 1.32614e-01  1026 0.0066028
138.0 3.34714e-01 1.32554e-01  1025 0.0060518
138.5 3.36769e-01 1.30877e-01  1013 0.0055975
139.0 3.38442e-01 1.28007e-01   990 0.0057609
139.5 3.39019e-01 1.27850e-01   989 0.0062031
140.0 3.38305e-01 1.27786e-01   989 0.0063777
140.5 3.37022e-01 1.30856e-01  1012 0.0059014
141.0 3.36769e-01 1.32162e-01  1022 0.0051571
141.5 3.36112e-01 1.33147e-01  1030 0.0051335
142.0 3.33058e-01 1.35230e-01  1046 0.0059826
142.5 3.28750e-01 1.41414e-01  1094 0.0065802
143.0 3.25932e-01 1.43789e-01  1112 0.0065075
143.5 3.26805e-01 1.41865e-01  1098 0.0059311
144.0 3.31156e-01 1.35664e-01  1050 0.0053448
144.5 3.35970e-01 1.29455e-01  1002 0.0048340
145.0 3.38127e-01 1.26299e-01   977 0.0047275
145.5 3.37206e-01 1.26315e-01   977 0.0051483
146.0 3.36689e-01 1.29071e-01   999 0.0056176
146.5 3.37511e-01 1.27904e-01   990 0.0059725
147.0 3.38534e-01 1.25143e-01   968 0.0066461
147.5 3.38935e-01 1.25496e-01   971 0.0069476
148.0 3.38731e-01 1.24445e-01   963 0.0064588
148.5 3.37774e-01 1.25505e-01   971 0.0057667
149.0 3.35298e-01 1.27902e-01   989 0.0052031
149.5 3.32473e-01 1.29969e-01  1005 0.0045690
150.0 3.31041e-01 1.32399e-01  1024 0.0041577
150.5 3.31569e-01 1.32188e-01  1023 0.0040323
151.0 3.34689e-01 1.32849e-01  1028 0.0040803
151.5 3.35582e-01 1.31585e-01  1018 0.0045060
152.0 3.33411e-01 1.33507e-01  1033 0.0053327
152.5 3.32481e-01 1.33650e-01  1034 0.0059975
153.0 3.33427e-01 1.33492e-01  1033 0.0068045
153.5 3.35909e-01 1.30934e-01  1013 0.0071154
154.0 3.39380e-01 1.29379e-01  1001 0.0064571
154.5 3.43335e-01 1.25804e-01   973 0.0052960
155.0 3.45795e-01 1.24042e-01   960 0.0051251
155.5 3.45527e-01 1.25164e-01   968 0.0063599
156.0 3.44830e-01 1.25126e-01   968 0.0077695
156.5 3.43102e-01 1.25461e-01   971 0.0087538
157.0 3.40476e-01 1.27467e-01   986 0.0091004
157.5 3.37067e-01 1.31238e-01  1015 0.0089098
158.0 3.33300e-01 1.33914e-01  1036 0.0080985
158.5 3.30761e-01 1.36405e-01  1055 0.0067773
159.0 3.31091e-01 1.36585e-01  1057 0.0051668
159.5 3.32730e-01 1.34841e-01  1043 0.0047003
160.0 3.32561e-01 1.33366e-01  1032 0.0056988
160.5 3.34318e-01 1.29720e-01  1004 0.0062240
161.0 3.37074e-01 1.27913e-01   990 0.0058690
161.5 3.39273e-01 1.26264e-01   977 0.0051608
162.0 3.39287e-01 1.25799e-01   973 0.0050484
162.5 3.37566e-01 1.28658e-01   995 0.0055541
163.0 3.36251e-01 1.32359e-01  1024 0.0059209
163.5 3.36192e-01 1.32950e-01  1029 0.0056643
164.0 3.38085e-01 1.31144e-01  1015 0.0050540
164.5 3.41035e-01 1.30912e-01  1013 0.0046023
165.0 3.41437e-01 1.30329e-01  1008 0.0045783
165.5 3.37376e-01 1.37405e-01  1063 0.0051763
166.0 3.33369e-01 1.42242e-01  1100 0.0060541
166.5 3.32511e-01 1.42558e-01  1103 0.0065279
167.0 3.34810e-01 1.42147e-01  1100 0.0060241
167.5 3.38450e-01 1.37509e-01  1064 0.0051488
168.0 3.38005e-01 1.36687e-01  1057 0.0055792
168.5 3.36517e-01 1.39448e-01  1079 0.0068198
169.0 3.36841e-01 1.41681e-01  1096 0.0075573
169.5 3.38502e-01 1.40254e-01  1085 0.0073205
170.0 3.40362e-01 1.38730e-01  1073 0.0062518
170.5 3.42432e-01 1.35146e-01  1046 0.0049668
171.0 3.43293e-01 1.34174e-01  1038 0.0046559
171.5 3.41465e-01 1.34828e-01  1043 0.0059825
172.0 3.40974e-01 1.36305e-01  1055 0.0073449
172.5 3.38929e-01 1.38916e-01  1075 0.0079450
173.0 3.34616e-01 1.41172e-01  1092 0.0074610
173.5 3.30271e-01 1.42924e-01  1106 0.0060945
174.0 3.29746e-01 1.41332e-01  1093 0.0047795
174.5 3.32490e-01 1.39554e-01  1080 0.0043435
175.0 3.33688e-01 1.39823e-01  1082 0.0047168
175.5 3.33794e-01 1.39108e-01  1076 0.0056595
176.0 3.34461e-01 1.38883e-01  1074 0.0064850
176.5 3.36453e-01 1.34237e-01  1039 0.0066949
177.0 3.39223e-01 1.30572e-01  1010 0.0065167
177.5 3.41688e-01 1.29016e-01   998 0.0062475
178.0 3.43659e-01 1.27658e-01   988 0.0059191
178.5 3.45290e-01 1.24333e-01   962 0.0055957
179.0 3.46130e-01 1.21842e-01   943 0.0054961
179.5 3.45290e-01 1.21931e-01   943 0.0057040
180.0 3.41963e-01 1.24244e-01   961 0.0060832
180.5 3.37117e-01 1.27635e-01   987 0.0061518
181.0 3.34516e-01 1.31099e-01  1014 0.0053887
181.5 3.37761e-01 1.27972e-01   990 0.0042540
182.0 3.39034e-01 1.26417e-01   978 0.0045163
182.5 3.39501e-01 1.26005e-01   975 0.0059775
183.0 3.39631e-01 1.25582e-01   972 0.0069731
183.5 3.38176e-01 1.27853e-01   989 0.0070752
184.0 3.38151e-01 1.27545e-01   987 0.0062736
184.5 3.41278e-01 1.25847e-01   974 0.0050615
185.0 3.45971e-01 1.20986e-01   936 0.0045266
185.5 3.48122e-01 1.18494e-01   917 0.0050544
186.0 3.49896e-01 1.15231e-01   891 0.0061524
186.5 3.50987e-01 1.13635e-01   879 0.0071789
187.0 3.50096e-01 1.12681e-01   872 0.0077923
187.5 3.46656e-01 1.16340e-01   900 0.0079957
188.0 3.41390e-01 1.23381e-01   955 0.0078757
188.5 3.36313e-01 1.27917e-01   990 0.0074744
189.0 3.33705e-01 1.31042e-01  1014 0.0068018
189.5 3.35181e-01 1.29436e-01  1001 0.0056379
190.0 3.40900e-01 1.24249e-01   961 0.0045489
190.5 3.40779e-01 1.22865e-01   951 0.0053575
191.0 3.40611e-01 1.22412e-01   947 0.0064012
191.5 3.41327e-01 1.22748e-01   950 0.0067631
192.0 3.43156e-01 1.20861e-01   935 0.0066082
192.5 3.45473e-01 1.18296e-01   915 0.0062565
193.0 3.47423e-01 1.15330e-01   892 0.0058122
193.5 3.48782e-01 1.15526e-01   894 0.0053540
194.0 3.48914e-01 1.17489e-01   909 0.0051458
194.5 3.47116e-01 1.19693e-01   926 0.0054247
195.0 3.43846e-01 1.22873e-01   951 0.0062553
195.5 3.40670e-01 1.27320e-01   985 0.0073206
196.0 3.39047e-01 1.31210e-01  1015 0.0081742
196.5 3.39893e-01 1.30789e-01  1012 0.0081967
197.0 3.42502e-01 1.27259e-01   985 0.0073766
197.5 3.44326e-01 1.25205e-01   969 0.0063293
198.0 3.44699e-01 1.21505e-01   940 0.0054575
198.5 3.44467e-01 1.23616e-01   956 0.0049738
199.0 3.44317e-01 1.24831e-01   966 0.0048077
199.5 3.44400e-01 1.26232e-01   977 0.0051169
200.0 3.45297e-01 1.25140e-01   968 0.0057664
200.5 3.46808e-01 1.23329e-01   954 0.0064522
201.0 3.48581e-01 1.20544e-01   933 0.0068007
201.5 3.50746e-01 1.17692e-01   911 0.0067217
202.0 3.52671e-01 1.16416e-01   901 0.0063339
202.5 3.52699e-01 1.16368e-01   900 0.0059521
203.0 3.50911e-01 1.19443e-01   924 0.0056660
203.5 3.48061e-01 1.22513e-01   948 0.0054268
204.0 3.44988e-01 1.24986e-01   967 0.0052922
204.5 3.41999e-01 1.28599e-01   995 0.0054081
205.0 3.40652e-01 1.28230e-01   992 0.0056907
205.5 3.41931e-01 1.24308e-01   962 0.0056437
206.0 3.44740e-01 1.20480e-01   932 0.0051957
206.5 3.45870e-01 1.21232e-01   938 0.0050444
207.0 3.44745e-01 1.23334e-01   954 0.0055619
207.5 3.44711e-01 1.26299e-01   977 0.0061882
208.0 3.46308e-01 1.26270e-01   977 0.0063270
208.5 3.48298e-01 1.24012e-01   959 0.0062498
209.0 3.50062e-01 1.20925e-01   936 0.0062161
209.5 3.51387e-01 1.20467e-01   932 0.0062003
210.0 3.51594e-01 1.21142e-01   937 0.0060509
210.5 3.50213e-01 1.21809e-01   942 0.0058736
211.0 3.47434e-01 1.23202e-01   953 0.0057626
211.5 3.44848e-01 1.25752e-01   973 0.0056984
212.0 3.44336e-01 1.25671e-01   972 0.0054768
212.5 3.46703e-01 1.25142e-01   968 0.0049985
213.0 3.49648e-01 1.22041e-01   944 0.0047337
213.5 3.48430e-01 1.23142e-01   953 0.0053989
214.0 3.45155e-01 1.24994e-01   967 0.0063747
214.5 3.42214e-01 1.28627e-01   995 0.0067432
215.0 3.41355e-01 1.28779e-01   996 0.0063939
215.5 3.42844e-01 1.26921e-01   982 0.0057490
216.0 3.45312e-01 1.24281e-01   961 0.0053405
216.5 3.47446e-01 1.21752e-01   942 0.0053617
217.0 3.49304e-01 1.20539e-01   933 0.0056450
217.5 3.50335e-01 1.19509e-01   925 0.0060582
218.0 3.49313e-01 1.19520e-01   925 0.0065710
218.5 3.46457e-01 1.21702e-01   942 0.0071559
219.0 3.43303e-01 1.24299e-01   962 0.0076766
219.5 3.41495e-01 1.27717e-01   988 0.0077907
220.0 3.42445e-01 1.26175e-01   976 0.0069104
220.5 3.45696e-01 1.24748e-01   965 0.0052679
221.0 3.45208e-01 1.23606e-01   956 0.0050721
221.5 3.40274e-01 1.29513e-01  1002 0.0065304
222.0 3.38512e-01 1.31090e-01  1014 0.0075007
222.5 3.39650e-01 1.32778e-01  1027 0.0076397
223.0 3.41944e-01 1.30922e-01  1013 0.0073049
223.5 3.44242e-01 1.29073e-01   999 0.0067408
224.0 3.46312e-01 1.26100e-01   976 0.0060868
224.5 3.48264e-01 1.26031e-01   975 0.0055373
225.0 3.49094e-01 1.27632e-01   987 0.0054009
225.5 3.47959e-01 1.28051e-01   991 0.0058081
226.0 3.45895e-01 1.31290e-01  1016 0.0065181
226.5 3.44166e-01 1.34334e-01  1039 0.0070568
227.0 3.43526e-01 1.34792e-01  1043 0.0070886
227.5 3.43867e-01 1.35624e-01  1049 0.0067162
228.0 3.43779e-01 1.35934e-01  1052 0.0060410
228.5 3.42932e-01 1.39075e-01  1076 0.0053497
229.0 3.42465e-01 1.38984e-01  1075 0.0049401
229.5 3.42881e-01 1.38240e-01  1069 0.0049310
230.0 3.43375e-01 1.39497e-01  1079 0.0057235
230.5 3.45124e-01 1.38528e-01  1072 0.0071931
231.0 3.47427e-01 1.37618e-01  1065 0.0087545
231.5 3.49768e-01 1.35296e-01  1047 0.0097941
232.0 3.52093e-01 1.30511e-01  1010 0.0102551
232.5 3.53702e-01 1.28209e-01   992 0.0103977
233.0 3.53521e-01 1.26074e-01   975 0.0104847
233.5 3.51511e-01 1.26979e-01   982 0.0105962
234.0 3.49088e-01 1.29832e-01  1004 0.0104800
234.5 3.47988e-01 1.30963e-01  1013 0.0099107
235.0 3.48232e-01 1.30692e-01  1011 0.0092266
235.5 3.48391e-01 1.27970e-01   990 0.0088578
236.0 3.47069e-01 1.29797e-01  1004 0.0085828
236.5 3.45206e-01 1.30632e-01  1011 0.0078099
237.0 3.44389e-01 1.31414e-01  1017 0.0064437
237.5 3.46672e-01 1.28882e-01   997 0.0048803
238.0 3.52052e-01 1.22721e-01   949 0.0040940
238.5 3.53311e-01 1.19601e-01   925 0.0044719
239.0 3.53468e-01 1.19246e-01   923 0.0062827
239.5 3.55002e-01 1.17329e-01   908 0.0083485
240.0 3.54394e-01 1.17143e-01   906 0.0096388
240.5 3.51375e-01 1.18271e-01   915 0.0099413
241.0 3.47326e-01 1.23051e-01   952 0.0093254
241.5 3.44327e-01 1.24506e-01   963 0.0081398
242.0 3.44346e-01 1.25001e-01   967 0.0068547
242.5 3.47627e-01 1.24632e-01   964 0.0056682
243.0 3.51752e-01 1.18863e-01   920 0.0049766
243.5 3.52341e-01 1.19394e-01   924 0.0051320
244.0 3.50586e-01 1.20324e-01   931 0.0057767
244.5 3.49472e-01 1.23148e-01   953 0.0062509
245.0 3.50264e-01 1.23889e-01   958 0.0062942
245.5 3.53118e-01 1.19828e-01   927 0.0059915
246.0 3.56274e-01 1.19289e-01   923 0.0055985
246.5 3.57734e-01 1.17548e-01   909 0.0053654
247.0 3.57610e-01 1.17274e-01   907 0.0052278
247.5 3.57343e-01 1.17095e-01   906 0.0049609
248.0 3.57414e-01 1.15530e-01   894 0.0045910
248.5 3.56025e-01 1.16955e-01   905 0.0044546
249.0 3.51951e-01 1.20808e-01   935 0.0049100
249.5 3.48893e-01 1.24196e-01   961 0.0058042
250.0 3.48113e-01 1.25770e-01   973 0.0067936
250.5 3.48407e-01 1.26401e-01   978 0.0078305
251.0 3.48617e-01 1.26670e-01   980 0.0090286
251.5 3.48360e-01 1.26128e-01   976 0.0102884
252.0 3.47956e-01 1.25928e-01   974 0.0111552
252.5 3.47453e-01 1.24216e-01   961 0.0111541
253.0 3.47034e-01 1.24598e-01   964 0.0101192
253.5 3.47074e-01 1.24934e-01   967 0.0082160
254.0 3.48308e-01 1.22623e-01   949 0.0060004
254.5 3.52132e-01 1.18545e-01   917 0.0044298
255.0 3.55355e-01 1.15942e-01   897 0.0038963
255.5 3.53969e-01 1.19605e-01   925 0.0039775
256.0 3.48943e-01 1.24355e-01   962 0.0047311
256.5 3.45812e-01 1.27201e-01   984 0.0062760
257.0 3.45903e-01 1.26439e-01   978 0.0079431
257.5 3.47167e-01 1.25176e-01   968 0.0091824
258.0 3.48605e-01 1.24212e-01   961 0.0099211
258.5 3.49997e-01 1.24164e-01   961 0.0102663
259.0 3.51535e-01 1.23920e-01   959 0.0102538
259.5 3.52367e-01 1.24283e-01   961 0.0098606
260.0 3.52127e-01 1.25284e-01   969 0.0093393
260.5 3.51685e-01 1.27862e-01   989 0.0087627
261.0 3.51776e-01 1.27953e-01   990 0.0080674
261.5 3.52377e-01 1.25402e-01   970 0.0071156
262.0 3.53483e-01 1.25307e-01   969 0.0059206
262.5 3.55200e-01 1.21923e-01   943 0.0049012
263.0 3.55495e-01 1.21705e-01   942 0.0045274
263.5 3.53923e-01 1.23602e-01   956 0.0046179
264.0 3.52957e-01 1.25095e-01   968 0.0049402
264.5 3.53175e-01 1.26201e-01   976 0.0052919
265.0 3.52837e-01 1.24095e-01   960 0.0056051
265.5 3.51129e-01 1.26334e-01   977 0.0059334
266.0 3.50002e-01 1.26857e-01   981 0.0063478
266.5 3.50346e-01 1.26253e-01   977 0.0069153
267.0 3.51873e-01 1.24339e-01   962 0.0075345
267.5 3.54086e-01 1.22053e-01   944 0.0081045
268.0 3.56322e-01 1.20535e-01   933 0.0085222
268.5 3.58121e-01 1.18491e-01   917 0.0085993
269.0 3.58804e-01 1.18147e-01   914 0.0081890
269.5 3.58670e-01 1.17937e-01   912 0.0074496
270.0 3.57995e-01 1.20016e-01   928 0.0066673
270.5 3.56610e-01 1.21176e-01   937 0.0061005
271.0 3.55361e-01 1.20163e-01   930 0.0058005
271.5 3.55636e-01 1.19179e-01   922 0.0057009
272.0 3.57551e-01 1.17883e-01   912 0.0055400
272.5 3.58928e-01 1.17818e-01   911 0.0051978
273.0 3.58739e-01 1.19566e-01   925 0.0048127
273.5 3.57494e-01 1.21503e-01   940 0.0047300
274.0 3.55747e-01 1.22535e-01   948 0.0051469
274.5 3.55530e-01 1.22949e-01   951 0.0058069
275.0 3.56586e-01 1.20354e-01   931 0.0064069
275.5 3.57738e-01 1.20077e-01   929 0.0069053
276.0 3.58612e-01 1.18811e-01   919 0.0073990
276.5 3.59987e-01 1.18686e-01   918 0.0080850
277.0 3.61756e-01 1.17012e-01   905 0.0090115
277.5 3.62334e-01 1.17121e-01   906 0.0099855
278.0 3.60480e-01 1.18881e-01   920 0.0105253
278.5 3.57358e-01 1.22121e-01   945 0.0102058
279.0 3.55735e-01 1.23205e-01   953 0.0090678
279.5 3.56405e-01 1.22910e-01   951 0.0074735
280.0 3.58031e-01 1.20501e-01   932 0.0057100
280.5 3.60990e-01 1.17733e-01   911 0.0043767
281.0 3.62580e-01 1.17361e-01   908 0.0039635
281.5 3.60752e-01 1.21160e-01   937 0.0042298
282.0 3.59285e-01 1.22781e-01   950 0.0047862
282.5 3.59460e-01 1.23054e-01   952 0.0054893
283.0 3.60377e-01 1.21547e-01   940 0.0064157
283.5 3.60704e-01 1.22510e-01   948 0.0077210
284.0 3.60094e-01 1.22093e-01   945 0.0091576
284.5 3.59386e-01 1.23298e-01   954 0.0100362
285.0 3.59114e-01 1.23553e-01   956 0.0100175
285.5 3.58940e-01 1.25244e-01   969 0.0093646
286.0 3.59170e-01 1.25448e-01   971 0.0086274
286.5 3.60013e-01 1.24321e-01   962 0.0079975
287.0 3.60805e-01 1.24684e-01   965 0.0074755
287.5 3.60389e-01 1.22389e-01   947 0.0069622
288.0 3.58997e-01 1.25893e-01   974 0.0064262
288.5 3.58150e-01 1.26666e-01   980 0.0057589
289.0 3.59215e-01 1.26450e-01   978 0.0050651
289.5 3.62009e-01 1.25425e-01   970 0.0045834
290.0 3.64705e-01 1.20986e-01   936 0.0044033
290.5 3.65349e-01 1.20939e-01   936 0.0044312
291.0 3.64339e-01 1.22600e-01   948 0.0045643
291.5 3.63760e-01 1.22685e-01   949 0.0047417
292.0 3.64507e-01 1.22056e-01   944 0.0048947
292.5 3.65541e-01 1.21102e-01   937 0.0049292
293.0 3.66011e-01 1.20547e-01   933 0.0048335
293.5 3.65765e-01 1.20841e-01   935 0.0047107
294.0 3.65211e-01 1.20184e-01   930 0.0047631
294.5 3.64395e-01 1.20340e-01   931 0.0052329
295.0 3.62840e-01 1.22417e-01   947 0.0060715
295.5 3.60814e-01 1.25227e-01   969 0.0070183
296.0 3.59296e-01 1.27271e-01   985 0.0077050
296.5 3.59413e-01 1.26296e-01   977 0.0080910
297.0 3.60702e-01 1.26178e-01   976 0.0082217
297.5 3.61658e-01 1.24856e-01   966 0.0080607
298.0 3.62036e-01 1.23499e-01   955 0.0075878
298.5 3.61755e-01 1.23022e-01   952 0.0067703
299.0 3.61624e-01 1.20479e-01   932 0.0059294
299.5 3.61578e-01 1.20331e-01   931 0.0054394
300.0 3.60148e-01 1.21610e-01   941 0.0054968
300.5 3.58463e-01 1.22519e-01   948 0.0059001
301.0 3.57822e-01 1.23075e-01   952 0.0062799
301.5 3.58571e-01 1.23671e-01   957 0.0064630
302.0 3.59909e-01 1.22170e-01   945 0.0064494
302.5 3.61013e-01 1.21683e-01   941 0.0063239
303.0 3.61877e-01 1.20079e-01   929 0.0060826
303.5 3.62716e-01 1.17986e-01   913 0.0058413
304.0 3.63771e-01 1.16464e-01   901 0.0056867
304.5 3.64818e-01 1.17853e-01   912 0.0056428
305.0 3.66036e-01 1.18486e-01   917 0.0055667
305.5 3.66935e-01 1.17676e-01   910 0.0054438
306.0 3.66569e-01 1.16336e-01   900 0.0053173
306.5 3.65501e-01 1.17376e-01   908 0.0051985
307.0 3.64809e-01 1.17709e-01   911 0.0050654
307.5 3.64833e-01 1.18043e-01   913 0.0049236
308.0 3.64906e-01 1.18428e-01   916 0.0048049
308.5 3.64452e-01 1.17623e-01   910 0.0047522
309.0 3.62865e-01 1.18481e-01   917 0.0048685
309.5 3.60658e-01 1.18511e-01   917 0.0051964
310.0 3.58736e-01 1.19712e-01   926 0.0056520
310.5 3.57508e-01 1.21803e-01   942 0.0060444
311.0 3.57283e-01 1.23181e-01   953 0.0062384
311.5 3.57753e-01 1.22116e-01   945 0.0062244
312.0 3.59009e-01 1.24347e-01   962 0.0060542
312.5 3.61199e-01 1.23212e-01   953 0.0058513
313.0 3.63805e-01 1.20145e-01   929 0.0056529
313.5 3.65085e-01 1.20352e-01   931 0.0054812
314.0 3.64537e-01 1.23633e-01   956 0.0053538
314.5 3.63690e-01 1.24535e-01   963 0.0052868
315.0 3.63626e-01 1.23146e-01   953 0.0052611
315.5 3.63573e-01 1.22473e-01   947 0.0052223
316.0 3.62491e-01 1.22959e-01   951 0.0051909
316.5 3.60558e-01 1.25064e-01   968 0.0051025
317.0 3.58961e-01 1.26459e-01   978 0.0049802
317.5 3.58354e-01 1.27100e-01   983 0.0049279
318.0 3.58801e-01 1.26273e-01   977 0.0050246
318.5 3.60020e-01 1.24431e-01   963 0.0052849
319.0 3.61102e-01 1.23744e-01   957 0.0056022
319.5 3.61403e-01 1.23042e-01   952 0.0057925
320.0 3.61804e-01 1.22888e-01   951 0.0058188
320.5 3.63585e-01 1.20536e-01   933 0.0057017
321.0 3.65843e-01 1.19720e-01   926 0.0055164
321.5 3.67190e-01 1.16856e-01   904 0.0053850
322.0 3.67429e-01 1.17119e-01   906 0.0054243
322.5 3.67581e-01 1.14255e-01   884 0.0057053
323.0 3.67890e-01 1.13737e-01   880 0.0061348
323.5 3.67426e-01 1.14197e-01   883 0.0064149
324.0 3.65282e-01 1.16803e-01   904 0.0062404
324.5 3.62341e-01 1.18141e-01   914 0.0055190
325.0 3.61361e-01 1.18578e-01   917 0.0046415
325.5 3.62902e-01 1.17276e-01   907 0.0041750
326.0 3.64283e-01 1.15964e-01   897 0.0042075
326.5 3.64088e-01 1.16034e-01   898 0.0046119
327.0 3.62478e-01 1.14731e-01   888 0.0052554
327.5 3.60638e-01 1.15942e-01   897 0.0058484
328.0 3.59695e-01 1.19273e-01   923 0.0060494
328.5 3.60141e-01 1.17859e-01   912 0.0057982
329.0 3.61437e-01 1.16585e-01   902 0.0053222
329.5 3.62943e-01 1.13681e-01   879 0.0050444
330.0 3.63769e-01 1.14132e-01   883 0.0052301
330.5 3.64178e-01 1.14095e-01   883 0.0056902
331.0 3.63472e-01 1.16597e-01   902 0.0061081
331.5 3.61500e-01 1.17969e-01   913 0.0062319
332.0 3.59018e-01 1.21480e-01   940 0.0059378
332.5 3.58256e-01 1.19734e-01   926 0.0053126
333.0 3.59337e-01 1.18071e-01   913 0.0049206
333.5 3.59775e-01 1.17977e-01   913 0.0052146
334.0 3.60130e-01 1.19604e-01   925 0.0059745
334.5 3.60245e-01 1.20400e-01   931 0.0067128
335.0 3.59819e-01 1.19700e-01   926 0.0072095
335.5 3.59668e-01 1.17995e-01   913 0.0073213
336.0 3.60003e-01 1.17477e-01   909 0.0070070
336.5 3.60501e-01 1.16670e-01   903 0.0063086
337.0 3.61403e-01 1.15133e-01   891 0.0056408
337.5 3.62454e-01 1.13611e-01   879 0.0054125
338.0 3.62641e-01 1.14681e-01   887 0.0055776
338.5 3.61844e-01 1.15219e-01   891 0.0058307
339.0 3.60175e-01 1.18439e-01   916 0.0059320
339.5 3.57910e-01 1.20331e-01   931 0.0058474
340.0 3.55878e-01 1.23753e-01   957 0.0055457
340.5 3.55482e-01 1.23097e-01   952 0.0052246
341.0 3.56748e-01 1.23346e-01   954 0.0051286
341.5 3.57781e-01 1.21543e-01   940 0.0054741
342.0 3.56922e-01 1.22900e-01   951 0.0062615
342.5 3.54752e-01 1.24621e-01   964 0.0070872
343.0 3.52572e-01 1.27432e-01   986 0.0075537
343.5 3.51811e-01 1.27256e-01   984 0.0076444
344.0 3.52420e-01 1.26504e-01   979 0.0073973
344.5 3.54307e-01 1.24272e-01   961 0.0068905
345.0 3.57198e-01 1.22953e-01   951 0.0063320
345.5 3.59160e-01 1.22593e-01   948 0.0060192
346.0 3.58892e-01 1.22416e-01   947 0.0061879
346.5 3.56820e-01 1.23385e-01   955 0.0067981
347.0 3.54428e-01 1.27845e-01   989 0.0075460
347.5 3.52448e-01 1.27720e-01   988 0.0081552
348.0 3.51134e-01 1.29477e-01  1002 0.0085629
348.5 3.50448e-01 1.31125e-01  1014 0.0086076
349.0 3.50168e-01 1.31673e-01  1019 0.0083053
349.5 3.49455e-01 1.31162e-01  1015 0.0074922
350.0 3.48420e-01 1.32749e-01  1027 0.0063564
350.5 3.48300e-01 1.32477e-01  1025 0.0052973
351.0 3.48963e-01 1.32477e-01  1025 0.0047973
351.5 3.49169e-01 1.31430e-01  1017 0.0048883
352.0 3.49582e-01 1.31249e-01  1015 0.0054402
352.5 3.51049e-01 1.30279e-01  1008 0.0062299
353.0 3.52339e-01 1.29718e-01  1004 0.0069069
353.5 3.52431e-01 1.29071e-01   999 0.0072624
354.0 3.51386e-01 1.29539e-01  1002 0.0072234
354.5 3.50314e-01 1.29257e-01  1000 0.0069344
355.0 3.49652e-01 1.29805e-01  1004 0.0065950
355.5 3.49445e-01 1.31823e-01  1020 0.0063833
356.0 3.49802e-01 1.31213e-01  1015 0.0062935
356.5 3.50437e-01 1.31017e-01  1014 0.0061649
357.0 3.50457e-01 1.31767e-01  1019 0.0059578
357.5 3.49531e-01 1.31132e-01  1014 0.0057319
358.0 3.47963e-01 1.29748e-01  1004 0.0055887
358.5 3.46426e-01 1.32152e-01  1022 0.0055784
359.0 3.45599e-01 1.32342e-01  1024 0.0057820
359.5 3.46039e-01 1.31625e-01  1018 0.0062047
360.0 3.48089e-01 1.28329e-01   993 0.0066428
360.5 3.50657e-01 1.23929e-01   959 0.0069229
361.0 3.51340e-01 1.23374e-01   954 0.0069185
361.5 3.49454e-01 1.23554e-01   956 0.0066688
362.0 3.47071e-01 1.27205e-01   984 0.0063740
362.5 3.45909e-01 1.29572e-01  1002 0.0061324
363.0 3.46106e-01 1.29140e-01   999 0.0059922
363.5 3.47003e-01 1.28289e-01   992 0.0059398
364.0 3.48028e-01 1.27689e-01   988 0.0059161
364.5 3.48003e-01 1.28839e-01   997 0.0060172
365.0 3.46852e-01 1.27289e-01   985 0.0061717
365.5 3.44925e-01 1.30589e-01  1010 0.0062255
366.0 3.43520e-01 1.30893e-01  1013 0.0062278
366.5 3.43924e-01 1.32312e-01  1024 0.0061651
367.0 3.46543e-01 1.29404e-01  1001 0.0061100
367.5 3.50173e-01 1.27596e-01   987 0.0060293
368.0 3.52909e-01 1.26420e-01   978 0.0059497
368.5 3.53151e-01 1.26145e-01   976 0.0059192
369.0 3.50945e-01 1.30534e-01  1010 0.0058907
369.5 3.49088e-01 1.29750e-01  1004 0.0059425
370.0 3.49068e-01 1.31929e-01  1021 0.0061134
370.5 3.50305e-01 1.31078e-01  1014 0.0063776
371.0 3.51709e-01 1.29765e-01  1004 0.0067021
371.5 3.52550e-01 1.28795e-01   996 0.0070773
372.0 3.52378e-01 1.26772e-01   981 0.0074276
372.5 3.50936e-01 1.28660e-01   995 0.0077179
373.0 3.48604e-01 1.29688e-01  1003 0.0078392
373.5 3.45980e-01 1.30631e-01  1011 0.0077077
374.0 3.44573e-01 1.32493e-01  1025 0.0072166
374.5 3.44990e-01 1.32668e-01  1026 0.0065271
375.0 3.46888e-01 1.31204e-01  1015 0.0057920
375.5 3.49301e-01 1.27167e-01   984 0.0052236
376.0 3.49919e-01 1.27551e-01   987 0.0050352
376.5 3.47793e-01 1.29868e-01  1005 0.0052270
377.0 3.45562e-01 1.31953e-01  1021 0.0056913
377.5 3.45877e-01 1.33826e-01  1035 0.0062112
378.0 3.48404e-01 1.30431e-01  1009 0.0066731
378.5 3.51149e-01 1.27387e-01   986 0.0070009
379.0 3.52092e-01 1.27734e-01   988 0.0070634
379.5 3.50386e-01 1.28766e-01   996 0.0068141
380.0 3.47759e-01 1.32344e-01  1024 0.0062893
380.5 3.46300e-01 1.34459e-01  1040 0.0055456
381.0 3.46819e-01 1.32680e-01  1026 0.0048680
381.5 3.47108e-01 1.32360e-01  1024 0.0048539
382.0 3.47547e-01 1.33919e-01  1036 0.0054615
382.5 3.50104e-01 1.33097e-01  1030 0.0061411
383.0 3.52984e-01 1.32764e-01  1027 0.0064491
383.5 3.54337e-01 1.32205e-01  1023 0.0062794
384.0 3.53574e-01 1.34802e-01  1043 0.0057951
384.5 3.52243e-01 1.33993e-01  1037 0.0053657
385.0 3.51717e-01 1.34366e-01  1040 0.0053314
385.5 3.52787e-01 1.33471e-01  1033 0.0057501
386.0 3.54971e-01 1.34234e-01  1038 0.0061291
386.5 3.56367e-01 1.33783e-01  1035 0.0062032
387.0 3.56011e-01 1.37693e-01  1065 0.0059474
387.5 3.54926e-01 1.42417e-01  1102 0.0053954
388.0 3.54678e-01 1.40418e-01  1086 0.0049310
388.5 3.53743e-01 1.41104e-01  1092 0.0051335
389.0 3.52693e-01 1.43109e-01  1107 0.0059059
389.5 3.53088e-01 1.43605e-01  1111 0.0067543
390.0 3.54428e-01 1.41687e-01  1096 0.0071937
390.5 3.55502e-01 1.40981e-01  1091 0.0070475
391.0 3.55194e-01 1.41707e-01  1096 0.0063265
391.5 3.53311e-01 1.42241e-01  1100 0.0052997
392.0 3.51383e-01 1.43880e-01  1113 0.0046440
392.5 3.49644e-01 1.45314e-01  1124 0.0046805
393.0 3.49484e-01 1.44140e-01  1115 0.0053685
393.5 3.52482e-01 1.40459e-01  1087 0.0063339
394.0 3.56541e-01 1.35197e-01  1046 0.0070344
394.5 3.58626e-01 1.33745e-01  1035 0.0072821
395.0 3.57730e-01 1.34597e-01  1041 0.0070152
395.5 3.55923e-01 1.36406e-01  1055 0.0063988
396.0 3.55570e-01 1.35005e-01  1044 0.0057225
396.5 3.56448e-01 1.33955e-01  1036 0.0051964
397.0 3.57353e-01 1.33504e-01  1033 0.0049647
397.5 3.58044e-01 1.34031e-01  1037 0.0050190
398.0 3.58555e-01 1.34869e-01  1043 0.0053217
398.5 3.58940e-01 1.35719e-01  1050 0.0056986
399.0 3.59109e-01 1.34392e-01  1040 0.0059174
399.5 3.58849e-01 1.32759e-01  1027 0.0058822
400.0 3.58442e-01 1.31115e-01  1014 0.0056232
400.5 3.58456e-01 1.32362e-01  1024 0.0054363
401.0 3.58920e-01 1.33026e-01  1029 0.0054894
401.5 3.59529e-01 1.32313e-01  1024 0.0055955
402.0 3.59403e-01 1.34203e-01  1038 0.0055171
402.5 3.58288e-01 1.35224e-01  1046 0.0052555
403.0 3.57042e-01 1.36422e-01  1055 0.0049793
403.5 3.56408e-01 1.38620e-01  1072 0.0048878
404.0 3.56621e-01 1.36415e-01  1055 0.0050291
404.5 3.57253e-01 1.36321e-01  1055 0.0054079
405.0 3.57845e-01 1.35305e-01  1047 0.0058709
405.5 3.57969e-01 1.36291e-01  1054 0.0061994
406.0 3.57953e-01 1.36009e-01  1052 0.0062876
406.5 3.58453e-01 1.37112e-01  1061 0.0061274
407.0 3.58848e-01 1.37143e-01  1061 0.0058074
407.5 3.58893e-01 1.37236e-01  1062 0.0054089
408.0 3.59552e-01 1.37043e-01  1060 0.0050538
408.5 3.61417e-01 1.35006e-01  1044 0.0048385
409.0 3.63312e-01 1.33138e-01  1030 0.0048129
409.5 3.63827e-01 1.33968e-01  1036 0.0049450
410.0 3.62856e-01 1.34558e-01  1041 0.0052177
410.5 3.61519e-01 1.35043e-01  1045 0.0055769
411.0 3.60995e-01 1.34512e-01  1041 0.0059710
411.5 3.61551e-01 1.32521e-01  1025 0.0063145
412.0 3.62712e-01 1.32656e-01  1026 0.0065599
412.5 3.63469e-01 1.30170e-01  1007 0.0066742
413.0 3.63433e-01 1.31124e-01  1014 0.0065645
413.5 3.62881e-01 1.33441e-01  1032 0.0062254
414.0 3.62659e-01 1.31577e-01  1018 0.0057837
414.5 3.62750e-01 1.29246e-01  1000 0.0053250
415.0 3.62932e-01 1.30631e-01  1011 0.0049387
415.5 3.63308e-01 1.31033e-01  1014 0.0046740
416.0 3.64061e-01 1.30292e-01  1008 0.0045762
416.5 3.64688e-01 1.28311e-01   993 0.0046197
417.0 3.64397e-01 1.27463e-01   986 0.0047647
417.5 3.62928e-01 1.27584e-01   987 0.0049733
418.0 3.61172e-01 1.28550e-01   995 0.0051844
418.5 3.60685e-01 1.27381e-01   985 0.0053818
419.0 3.61848e-01 1.29635e-01  1003 0.0054938
419.5 3.63847e-01 1.27515e-01   987 0.0054716
420.0 3.65435e-01 1.26798e-01   981 0.0053370
420.5 3.65574e-01 1.25087e-01   968 0.0051615
421.0 3.64798e-01 1.28147e-01   991 0.0050544
421.5 3.63644e-01 1.25208e-01   969 0.0050297
422.0 3.62401e-01 1.27114e-01   983 0.0050762
422.5 3.61508e-01 1.30217e-01  1007 0.0050761
423.0 3.61243e-01 1.32081e-01  1022 0.0050235
423.5 3.62136e-01 1.30591e-01  1010 0.0049673
424.0 3.63721e-01 1.29532e-01  1002 0.0049819
424.5 3.64644e-01 1.29913e-01  1005 0.0050797
425.0 3.63236e-01 1.30524e-01  1010 0.0051787
425.5 3.60229e-01 1.32173e-01  1023 0.0052327
426.0 3.57596e-01 1.34378e-01  1040 0.0052036
426.5 3.56716e-01 1.35770e-01  1050 0.0051256
427.0 3.57688e-01 1.33450e-01  1032 0.0051127
427.5 3.59387e-01 1.28404e-01   993 0.0051923
428.0 3.60372e-01 1.28099e-01   991 0.0053134
428.5 3.59735e-01 1.28318e-01   993 0.0053341
429.0 3.58198e-01 1.32582e-01  1026 0.0052196
429.5 3.57454e-01 1.30993e-01  1013 0.0050279
430.0 3.57511e-01 1.30580e-01  1010 0.0048220
430.5 3.58167e-01 1.30812e-01  1012 0.0046411
431.0 3.59940e-01 1.31138e-01  1015 0.0044854
431.5 3.62848e-01 1.28824e-01   997 0.0043684
432.0 3.65286e-01 1.27812e-01   989 0.0043116
432.5 3.65170e-01 1.27531e-01   987 0.0043417
433.0 3.62814e-01 1.29596e-01  1003 0.0045216
433.5 3.60853e-01 1.31912e-01  1021 0.0047956
434.0 3.61240e-01 1.31518e-01  1017 0.0050516
434.5 3.63542e-01 1.29755e-01  1004 0.0051842
435.0 3.65858e-01 1.27612e-01   987 0.0051408
435.5 3.66620e-01 1.26622e-01   980 0.0049808
436.0 3.65537e-01 1.27244e-01   984 0.0047645
436.5 3.64032e-01 1.29721e-01  1004 0.0045686
437.0 3.63179e-01 1.31887e-01  1020 0.0044189
437.5 3.62849e-01 1.31205e-01  1015 0.0043459
438.0 3.62864e-01 1.30334e-01  1008 0.0043456
438.5 3.63788e-01 1.30021e-01  1006 0.0044152
439.0 3.65854e-01 1.29149e-01   999 0.0045550
439.5 3.67512e-01 1.25370e-01   970 0.0047480
440.0 3.67394e-01 1.22918e-01   951 0.0049799
440.5 3.65768e-01 1.24104e-01   960 0.0052373
441.0 3.64449e-01 1.25033e-01   967 0.0054644
441.5 3.64378e-01 1.26222e-01   976 0.0055579
442.0 3.65593e-01 1.24854e-01   966 0.0054559
442.5 3.66993e-01 1.22122e-01   945 0.0052538
443.0 3.67448e-01 1.20295e-01   931 0.0050695
443.5 3.66458e-01 1.21156e-01   937 0.0049726
444.0 3.64503e-01 1.22811e-01   950 0.0049590
444.5 3.62443e-01 1.24711e-01   965 0.0049649
445.0 3.61019e-01 1.27779e-01   989 0.0049749
445.5 3.60822e-01 1.26424e-01   978 0.0049605
446.0 3.62125e-01 1.24196e-01   961 0.0049300
446.5 3.64376e-01 1.23047e-01   952 0.0049233
447.0 3.66026e-01 1.18276e-01   915 0.0049416
447.5 3.65815e-01 1.18461e-01   916 0.0049841
448.0 3.63905e-01 1.17790e-01   911 0.0050401
448.5 3.61912e-01 1.20953e-01   936 0.0050261
449.0 3.61615e-01 1.20624e-01   933 0.0049847
449.5 3.62673e-01 1.19095e-01   921 0.0051119
450.0 3.63865e-01 1.16859e-01   904 0.0054042
450.5 3.64217e-01 1.18497e-01   917 0.0057110
451.0 3.63593e-01 1.22312e-01   946 0.0057621
451.5 3.62492e-01 1.23134e-01   953 0.0055462
452.0 3.61794e-01 1.24730e-01   965 0.0052331
452.5 3.61806e-01 1.23458e-01   955 0.0049674
453.0 3.62290e-01 1.22941e-01   951 0.0047310
453.5 3.63166e-01 1.21611e-01   941 0.0045286
454.0 3.64079e-01 1.19186e-01   922 0.0044057
454.5 3.64374e-01 1.18754e-01   919 0.0044169
455.0 3.64278e-01 1.17043e-01   905 0.0045929
455.5 3.64127e-01 1.15098e-01   890 0.0049282
456.0 3.63579e-01 1.17464e-01   909 0.0053862
456.5 3.63313e-01 1.19362e-01   923 0.0057928
457.0 3.63839e-01 1.19076e-01   921 0.0059485
457.5 3.64177e-01 1.17960e-01   913 0.0057896
458.0 3.63354e-01 1.18512e-01   917 0.0053921
458.5 3.61690e-01 1.21451e-01   940 0.0049252
459.0 3.60304e-01 1.21852e-01   943 0.0045836
459.5 3.59541e-01 1.22962e-01   951 0.0044196
460.0 3.59255e-01 1.24773e-01   965 0.0044208
460.5 3.59499e-01 1.24156e-01   961 0.0045130
461.0 3.59829e-01 1.23911e-01   959 0.0046394
461.5 3.59982e-01 1.23623e-01   956 0.0047620
462.0 3.60093e-01 1.24910e-01   966 0.0048741
462.5 3.60480e-01 1.22925e-01   951 0.0049461
463.0 3.61055e-01 1.22320e-01   946 0.0049952
463.5 3.61451e-01 1.23509e-01   956 0.0049743
464.0 3.61676e-01 1.22838e-01   950 0.0048709
464.5 3.62395e-01 1.23122e-01   953 0.0047198
465.0 3.63223e-01 1.23549e-01   956 0.0046063
465.5 3.63378e-01 1.24693e-01   965 0.0046055
466.0 3.62165e-01 1.28557e-01   995 0.0047355
466.5 3.60622e-01 1.31869e-01  1020 0.0049226
467.0 3.59908e-01 1.31079e-01  1014 0.0050850
467.5 3.60482e-01 1.31612e-01  1018 0.0051731
468.0 3.61616e-01 1.29971e-01  1006 0.0051567
468.5 3.62351e-01 1.27392e-01   986 0.0050931
469.0 3.62440e-01 1.27648e-01   988 0.0049860
469.5 3.62679e-01 1.26651e-01   980 0.0048478
470.0 3.63430e-01 1.25403e-01   970 0.0046930
470.5 3.64583e-01 1.24457e-01   963 0.0045630
471.0 3.65938e-01 1.22971e-01   951 0.0045811
471.5 3.66915e-01 1.22420e-01   947 0.0047998
472.0 3.67011e-01 1.21549e-01   940 0.0051792
472.5 3.66695e-01 1.21976e-01   944 0.0055933
473.0 3.66629e-01 1.21465e-01   940 0.0058973
473.5 3.66371e-01 1.21544e-01   940 0.0059227
474.0 3.65310e-01 1.23055e-01   952 0.0056779
474.5 3.64172e-01 1.22678e-01   949 0.0052578
475.0 3.64102e-01 1.22837e-01   950 0.0048337
475.5 3.65382e-01 1.24141e-01   960 0.0044959
476.0 3.66594e-01 1.22492e-01   948 0.0043116
476.5 3.66550e-01 1.21189e-01   938 0.0042593
477.0 3.65375e-01 1.22879e-01   951 0.0043086
477.5 3.63889e-01 1.24583e-01   964 0.0043999
478.0 3.63262e-01 1.28939e-01   998 0.0044938
478.5 3.64082e-01 1.29460e-01  1002 0.0045726
479.0 3.65589e-01 1.28671e-01   995 0.0046227
479.5 3.65864e-01 1.30192e-01  1007 0.0046065
480.0 3.64442e-01 1.31124e-01  1014 0.0045265
480.5 3.62828e-01 1.32479e-01  1025 0.0044055
481.0 3.62174e-01 1.30833e-01  1012 0.0042865
481.5 3.61868e-01 1.31804e-01  1020 0.0042351
482.0 3.61478e-01 1.31019e-01  1014 0.0042902
482.5 3.61582e-01 1.27851e-01   989 0.0044141
483.0 3.62414e-01 1.25678e-01   972 0.0045409
483.5 3.63698e-01 1.23487e-01   955 0.0046298
484.0 3.64005e-01 1.22815e-01   950 0.0046531
484.5 3.62914e-01 1.24999e-01   967 0.0046017
485.0 3.61263e-01 1.25509e-01   971 0.0045095
485.5 3.60008e-01 1.27700e-01   988 0.0043903
486.0 3.60149e-01 1.28682e-01   996 0.0042627
486.5 3.61866e-01 1.27147e-01   984 0.0041626
487.0 3.63653e-01 1.26168e-01   976 0.0041101
487.5 3.63547e-01 1.27150e-01   984 0.0041227
488.0 3.61668e-01 1.30403e-01  1009 0.0042134
488.5 3.59628e-01 1.31979e-01  1021 0.0043637
489.0 3.58679e-01 1.32050e-01  1022 0.0045558
489.5 3.58673e-01 1.31889e-01  1020 0.0047358
490.0 3.59584e-01 1.31254e-01  1015 0.0048638
490.5 3.60771e-01 1.27531e-01   987 0.0048565
491.0 3.61591e-01 1.25688e-01   972 0.0047368
491.5 3.61607e-01 1.25270e-01   969 0.0045490
492.0 3.61068e-01 1.25601e-01   972 0.0043933
492.5 3.60392e-01 1.25682e-01   972 0.0043134
493.0 3.59644e-01 1.25390e-01   970 0.0043252
493.5 3.59141e-01 1.27210e-01   984 0.0044258
494.0 3.59327e-01 1.26395e-01   978 0.0045646
494.5 3.60225e-01 1.26079e-01   975 0.0047159
495.0 3.60861e-01 1.25063e-01   968 0.0048500
495.5 3.60520e-01 1.25477e-01   971 0.0049499
496.0 3.59339e-01 1.26386e-01   978 0.0050170
496.5 3.57860e-01 1.25384e-01   970 0.0050297
497.0 3.56533e-01 1.26878e-01   982 0.0049856
497.5 3.56028e-01 1.27312e-01   985 0.0048587
498.0 3.56742e-01 1.26898e-01   982 0.0047023
498.5 3.57701e-01 1.24505e-01   963 0.0046388
499.0 3.57685e-01 1.24388e-01   962 0.0047340
499.5 3.56999e-01 1.24833e-01   966 0.0049726
500.0 3.56489e-01 1.26294e-01   977 0.0052865
MD completed in 2.04 minutes!
