 #step  E_pot           E_kin           T       E_tot           std_E           std_F          
    0  1.42024394e+00  5.36515437e-02   415.1  1.47389549e+00  1.39564802e-02  7.14718382e-02
    1  1.41753649e+00  5.63529298e-02   436.0  1.47388942e+00  1.43400530e-02  7.02476994e-02
    2  1.41469572e+00  5.91930436e-02   457.9  1.47388876e+00  1.46969476e-02  6.94704610e-02
    3  1.41172584e+00  6.21684454e-02   481.0  1.47389429e+00  1.50267595e-02  6.91129629e-02
    4  1.40853781e+00  6.53646358e-02   505.7  1.47390245e+00  1.53296524e-02  6.90613592e-02
    5  1.40500029e+00  6.89085171e-02   533.1  1.47390881e+00  1.56020698e-02  6.91231309e-02
    6  1.40101215e+00  7.28977150e-02   564.0  1.47390986e+00  1.58323972e-02  6.91342298e-02
    7  1.39655530e+00  7.73504947e-02   598.4  1.47390580e+00  1.60061723e-02  6.90012112e-02
    8  1.39169192e+00  8.22081858e-02   636.0  1.47390011e+00  1.61116747e-02  6.87214720e-02
    9  1.38651003e+00  8.73874579e-02   676.1  1.47389749e+00  1.61455198e-02  6.83871150e-02
   10  1.38105093e+00  9.28497770e-02   718.3  1.47390071e+00  1.61167336e-02  6.81623114e-02
   11  1.37526609e+00  9.86423719e-02   763.1  1.47390847e+00  1.60486769e-02  6.82230576e-02
   12  1.36903634e+00  1.04879484e-01   811.4  1.47391583e+00  1.59786688e-02  6.86705421e-02
   13  1.36224553e+00  1.11672035e-01   863.9  1.47391756e+00  1.59551112e-02  6.94700059e-02
   14  1.35485838e+00  1.19053644e-01   921.0  1.47391202e+00  1.60314781e-02  7.04762406e-02
   15  1.34694492e+00  1.26957534e-01   982.2  1.47390245e+00  1.62560291e-02  7.15524345e-02
   16  1.33863317e+00  1.35261342e-01  1046.4  1.47389451e+00  1.66579284e-02  7.26393370e-02
   17  1.33002235e+00  1.43871353e-01  1113.0  1.47389370e+00  1.72299648e-02  7.40062182e-02
   18  1.32110814e+00  1.52793588e-01  1182.1  1.47390173e+00  1.79126214e-02  7.60598367e-02
   19  1.31176168e+00  1.62155855e-01  1254.5  1.47391754e+00  1.85979389e-02  7.92572958e-02
   20  1.30175391e+00  1.72184729e-01  1332.1  1.47393864e+00  1.91471488e-02  8.41832351e-02
   21  1.29079979e+00  1.83163037e-01  1417.0  1.47396283e+00  1.94248375e-02  9.16656709e-02
   22  1.27859211e+00  1.95397147e-01  1511.7  1.47398926e+00  1.93506973e-02  1.02428533e-01
   23  1.26480634e+00  2.09212280e-01  1618.5  1.47401862e+00  1.89697224e-02  1.16039433e-01
   24  1.24907644e+00  2.24976002e-01  1740.5  1.47405244e+00  1.85243505e-02  1.30100701e-01
   25  1.23095683e+00  2.43135719e-01  1881.0  1.47409255e+00  1.84499825e-02  1.40915138e-01
   26  1.20988553e+00  2.64256287e-01  2044.4  1.47414182e+00  1.91480777e-02  1.45645455e-01
   27  1.18514207e+00  2.89065901e-01  2236.3  1.47420797e+00  2.05895171e-02  1.44832154e-01
   28  1.15574851e+00  3.18562133e-01  2464.5  1.47431064e+00  2.22172685e-02  1.43145929e-01
   29  1.12023370e+00  3.54238323e-01  2740.5  1.47447202e+00  2.33785154e-02  1.46692459e-01
   30  1.07646749e+00  3.98150530e-01  3080.2  1.47461802e+00  2.40801239e-02  1.61314953e-01
   31  1.02217925e+00  4.52557206e-01  3501.1  1.47473646e+00  2.61435348e-02  1.94041178e-01
   32  9.55513928e-01  5.19200099e-01  4016.7  1.47471403e+00  3.31706957e-02  2.42807980e-01
   33  8.76161291e-01  5.98385601e-01  4629.3  1.47454689e+00  4.61062802e-02  2.79734058e-01
   34  7.85159049e-01  6.89432290e-01  5333.7  1.47459134e+00  6.08489638e-02  2.97478013e-01
   35  6.81236746e-01  7.93809104e-01  6141.2  1.47504585e+00  7.37655186e-02  3.28253587e-01
   36  5.59340857e-01  9.15769018e-01  7084.7  1.47510987e+00  8.58369420e-02  3.27327872e-01
   37  4.17834436e-01  1.05703194e+00  8177.6  1.47486638e+00  9.73859765e-02  2.66561935e-01
   38  2.58530268e-01  1.21542274e+00  9402.9  1.47395301e+00  1.10317958e-01  2.46218134e-01
   39  9.86918410e-02  1.36904033e+00 10591.4  1.46773217e+00  1.30413594e-01  2.66458957e-01
   40  7.10005247e-03  1.45524773e+00 11258.3  1.46234779e+00  1.63826008e-01  5.57668750e-01
   41  4.69771278e-02  1.41360843e+00 10936.2  1.46058556e+00  2.36459740e-01  1.17288907e+00
   42  2.25503827e-01  1.25466681e+00  9706.5  1.48017064e+00  2.97641331e-01  1.40535731e+00
   43  2.29243043e-01  1.26056278e+00  9752.2  1.48980582e+00  3.12618310e-01  1.80172227e+00
   44 -1.70973775e-02  1.47228711e+00 11390.1  1.45518973e+00  2.97127682e-01  1.17996530e+00
   45 -1.24076013e-01  1.58964210e+00 12298.0  1.46556609e+00  2.82841424e-01  1.01782565e+00
   46 -1.31865646e-01  1.60136138e+00 12388.7  1.46949573e+00  2.80170432e-01  9.67331069e-01
   47 -9.63913226e-02  1.56773381e+00 12128.5  1.47134249e+00  2.80777453e-01  9.99020961e-01
   48 -4.80264348e-02  1.52339261e+00 11785.5  1.47536617e+00  2.85474631e-01  1.01993361e+00
   49 -2.86393678e-02  1.50327599e+00 11629.9  1.47463662e+00  2.56305479e-01  1.01339713e+00
   50 -3.11292049e-02  1.50067722e+00 11609.8  1.46954802e+00  1.98862281e-01  8.18876659e-01
   51  4.46827601e-03  1.46105790e+00 11303.3  1.46552618e+00  1.54072328e-01  3.81081715e-01
   52  1.18727826e-01  1.34944512e+00 10439.8  1.46817294e+00  1.28171762e-01  2.74331583e-01
   53  2.83310184e-01  1.18886177e+00  9197.4  1.47217196e+00  1.10561613e-01  2.49811064e-01
   54  4.54156368e-01  1.01838618e+00  7878.6  1.47254255e+00  1.02311760e-01  2.65210548e-01
   55  6.21367446e-01  8.51302710e-01  6586.0  1.47267016e+00  1.01213612e-01  3.50394389e-01
   56  7.81605829e-01  6.91881439e-01  5352.6  1.47348727e+00  9.88909092e-02  4.08636275e-01
   57  9.25349934e-01  5.48578272e-01  4244.0  1.47392821e+00  9.35646585e-02  4.19015913e-01
   58  1.04633412e+00  4.27757996e-01  3309.3  1.47409212e+00  8.52457086e-02  4.18881083e-01
   59  1.14171911e+00  3.32485354e-01  2572.2  1.47420446e+00  7.38197198e-02  4.29876758e-01
   60  1.20964471e+00  2.64682914e-01  2047.7  1.47432762e+00  6.01074916e-02  4.41334843e-01
   61  1.24847953e+00  2.25939782e-01  1747.9  1.47441932e+00  4.59198552e-02  4.30947359e-01
   62  1.25727591e+00  2.17120836e-01  1679.7  1.47439675e+00  3.41052401e-02  3.78352804e-01
   63  1.23691597e+00  2.37105358e-01  1834.3  1.47402132e+00  2.82331717e-02  2.73632912e-01
   64  1.19350818e+00  2.79223324e-01  2160.2  1.47273151e+00  2.76761844e-02  1.54015385e-01
   65  1.14554999e+00  3.24579908e-01  2511.1  1.47012990e+00  2.75810563e-02  1.35814396e-01
   66  1.12799802e+00  3.39050759e-01  2623.0  1.46704878e+00  2.72395581e-02  1.79845918e-01
   67  1.18009939e+00  2.85089017e-01  2205.5  1.46518840e+00  2.46151177e-02  2.69527983e-01
   68  1.31049986e+00  1.60167331e-01  1239.1  1.47066719e+00  1.97757087e-02  4.21969354e-01
   69  1.41251245e+00  6.92055793e-02   535.4  1.48171803e+00  1.99247304e-02  4.74388869e-01
   70  1.34631672e+00  1.26564379e-01   979.1  1.47288110e+00  1.78621079e-02  4.40673795e-01
   71  1.22116673e+00  2.43977361e-01  1887.5  1.46514409e+00  2.16645094e-02  2.91177536e-01
   72  1.16906746e+00  2.97368910e-01  2300.5  1.46643638e+00  2.48958983e-02  1.75287743e-01
   73  1.19431830e+00  2.75002201e-01  2127.5  1.46932050e+00  2.38983761e-02  1.54676259e-01
   74  1.26073776e+00  2.11157432e-01  1633.6  1.47189519e+00  2.37669994e-02  1.48534120e-01
   75  1.33288920e+00  1.40471532e-01  1086.7  1.47336073e+00  2.46866087e-02  1.92169283e-01
   76  1.38924900e+00  8.46896807e-02   655.2  1.47393868e+00  2.62118281e-02  2.44715937e-01
   77  1.42062424e+00  5.34886624e-02   413.8  1.47411290e+00  2.77945063e-02  2.73240545e-01
   78  1.42404219e+00  5.00864077e-02   387.5  1.47412860e+00  2.85291634e-02  2.84554630e-01
   79  1.39918797e+00  7.48586514e-02   579.1  1.47404662e+00  2.82921411e-02  2.81330419e-01
   80  1.34745646e+00  1.26344630e-01   977.4  1.47380109e+00  2.81021149e-02  2.51446148e-01
   81  1.27301712e+00  2.00082598e-01  1547.9  1.47309972e+00  2.93337049e-02  1.94352563e-01
   82  1.18689659e+00  2.84564756e-01  2201.5  1.47146135e+00  3.20268404e-02  1.70076046e-01
   83  1.11269062e+00  3.56223645e-01  2755.9  1.46891426e+00  3.65884952e-02  1.94022048e-01
   84  1.08496637e+00  3.81409267e-01  2950.7  1.46637564e+00  4.27332783e-02  2.50574989e-01
   85  1.13318578e+00  3.33050977e-01  2576.6  1.46623676e+00  4.81463493e-02  4.42232357e-01
   86  1.23075455e+00  2.45670486e-01  1900.6  1.47642503e+00  5.59970931e-02  6.35218187e-01
   87  1.22283237e+00  2.58345194e-01  1998.6  1.48117756e+00  6.07990037e-02  6.98184460e-01
   88  1.05006381e+00  4.19674356e-01  3246.7  1.46973816e+00  5.91872525e-02  6.47164971e-01
   89  8.64496560e-01  6.02489015e-01  4661.1  1.46698557e+00  6.40289113e-02  5.60139962e-01
   90  7.35728725e-01  7.34117395e-01  5679.4  1.46984612e+00  8.33676067e-02  5.57505008e-01
   91  6.37071623e-01  8.35642086e-01  6464.8  1.47271371e+00  1.20916107e-01  5.64827821e-01
   92  5.31294431e-01  9.42630625e-01  7292.5  1.47392506e+00  1.69180701e-01  5.96699951e-01
   93  4.01018522e-01  1.07272360e+00  8299.0  1.47374213e+00  2.19932771e-01  6.55711224e-01
   94  2.49239190e-01  1.22251655e+00  9457.8  1.47175574e+00  2.70763894e-01  7.09385652e-01
   95  1.02377643e-01  1.36554341e+00 10564.3  1.46792105e+00  3.07570411e-01  7.91830425e-01
   96  1.17255726e-03  1.46894206e+00 11364.2  1.47011462e+00  3.02213661e-01  9.14444391e-01
   97 -6.64181932e-02  1.53725822e+00 11892.8  1.47084003e+00  2.69465986e-01  8.54066504e-01
   98 -1.09828607e-01  1.57882479e+00 12214.3  1.46899618e+00  2.40083884e-01  6.70006467e-01
   99 -1.06870003e-01  1.57378520e+00 12175.4  1.46691520e+00  2.51108139e-01  7.02869393e-01
  100 -3.14686272e-02  1.49732619e+00 11583.8  1.46585756e+00  2.81653099e-01  9.94807019e-01
  101  8.67529778e-02  1.40184655e+00 10845.2  1.48859953e+00  2.90020835e-01  1.19933292e+00
  102  4.48967138e-02  1.42982502e+00 11061.6  1.47472173e+00  2.82040842e-01  1.13425051e+00
  103 -5.35545389e-02  1.51783396e+00 11742.5  1.46427942e+00  2.51983320e-01  9.86302992e-01
  104 -5.95957347e-02  1.52542870e+00 11801.2  1.46583297e+00  2.35716746e-01  6.63440584e-01
  105  1.64677839e-02  1.45305931e+00 11241.4  1.46952710e+00  2.64528816e-01  6.65816599e-01
  106  1.38655363e-01  1.32903609e+00 10281.9  1.46769145e+00  3.03436240e-01  7.53065228e-01
  107  3.09492267e-01  1.15997945e+00  8974.0  1.46947172e+00  3.15393679e-01  6.16189147e-01
  108  5.05038306e-01  9.68627882e-01  7493.6  1.47366619e+00  2.87815069e-01  6.73508772e-01
  109  6.73606440e-01  8.01467181e-01  6200.4  1.47507362e+00  2.59518831e-01  6.14304565e-01
  110  7.94472606e-01  6.80699899e-01  5266.1  1.47517251e+00  2.36433181e-01  5.54981733e-01
  111  8.64994020e-01  6.09987532e-01  4719.1  1.47498155e+00  2.10894968e-01  5.45281699e-01
  112  8.88195751e-01  5.86495228e-01  4537.3  1.47469098e+00  1.75064143e-01  6.22643638e-01
  113  8.69344694e-01  6.05046859e-01  4680.9  1.47439155e+00  1.28234527e-01  6.83911916e-01
  114  8.19521145e-01  6.51230120e-01  5038.1  1.47075127e+00  8.81069751e-02  5.90402015e-01
  115  7.89836144e-01  6.72479981e-01  5202.5  1.46231612e+00  7.21569417e-02  5.34371013e-01
  116  8.86930061e-01  5.64463943e-01  4366.9  1.45139400e+00  7.56724561e-02  7.00059988e-01
  117  1.20389600e+00  2.64202287e-01  2044.0  1.46809829e+00  9.19656705e-02  8.96121023e-01
  118  1.39185251e+00  1.07952860e-01   835.2  1.49980537e+00  1.02433920e-01  1.05036454e+00
  119  1.08851798e+00  3.66693722e-01  2836.9  1.45521170e+00  8.90106476e-02  8.60665864e-01
  120  8.18535547e-01  6.35429964e-01  4915.9  1.45396551e+00  7.74684546e-02  6.37433503e-01
  121  7.56106843e-01  7.08379953e-01  5480.3  1.46448680e+00  8.07048652e-02  5.44738774e-01
  122  7.83545497e-01  6.88280310e-01  5324.8  1.47182581e+00  1.07302862e-01  6.12307559e-01
  123  8.08721158e-01  6.65074600e-01  5145.2  1.47379576e+00  1.53038593e-01  6.52618595e-01
  124  7.98822667e-01  6.75105051e-01  5222.8  1.47392772e+00  1.96436633e-01  5.73449908e-01
  125  7.47391321e-01  7.26853120e-01  5623.2  1.47424444e+00  2.27433483e-01  5.47798331e-01
  126  6.49952467e-01  8.24222387e-01  6376.5  1.47417485e+00  2.51980081e-01  5.78911000e-01
  127  5.08283608e-01  9.64560082e-01  7462.2  1.47284369e+00  2.75288346e-01  6.10244950e-01
  128  3.41886011e-01  1.12737362e+00  8721.8  1.46925963e+00  2.89146564e-01  6.47877370e-01
  129  1.92466626e-01  1.27615983e+00  9872.8  1.46862646e+00  2.75840105e-01  7.25433428e-01
  130  7.60408290e-02  1.39312289e+00 10777.7  1.46916372e+00  2.53482859e-01  5.68718454e-01
  131 -2.64612303e-03  1.46948300e+00 11368.4  1.46683688e+00  2.40328129e-01  6.51146672e-01
  132 -2.44003821e-02  1.49427749e+00 11560.3  1.46987711e+00  2.41025567e-01  9.86818208e-01
  133 -2.40426477e-02  1.49923892e+00 11598.6  1.47519628e+00  2.44769762e-01  1.03930240e+00
  134 -5.07381221e-02  1.52274979e+00 11780.5  1.47201167e+00  2.43562381e-01  8.90199392e-01
  135 -7.76111831e-02  1.54795176e+00 11975.5  1.47034058e+00  2.39464842e-01  7.68710477e-01
  136 -8.22877748e-02  1.55290894e+00 12013.8  1.47062116e+00  2.38125705e-01  7.95506838e-01
  137 -6.57408625e-02  1.53572551e+00 11880.9  1.46998464e+00  2.48823565e-01  7.42546169e-01
  138 -2.27439084e-02  1.49317006e+00 11551.7  1.47042615e+00  2.70106529e-01  6.81608032e-01
  139  4.24897308e-02  1.42710063e+00 11040.5  1.46959036e+00  2.88020654e-01  7.40883431e-01
  140  1.37220711e-01  1.33125917e+00 10299.1  1.46847989e+00  2.87263663e-01  7.34455719e-01
  141  2.65121534e-01  1.20616228e+00  9331.3  1.47128381e+00  2.58982795e-01  6.62403336e-01
  142  3.95605334e-01  1.07737272e+00  8334.9  1.47297806e+00  2.14129397e-01  6.22343475e-01
  143  5.06402087e-01  9.66810074e-01  7479.6  1.47321216e+00  1.64015809e-01  5.88297989e-01
  144  5.96140839e-01  8.75071638e-01  6769.9  1.47121248e+00  1.19770064e-01  5.43186463e-01
  145  6.91471945e-01  7.75826404e-01  6002.1  1.46729835e+00  8.83821303e-02  5.54896760e-01
  146  8.39972688e-01  6.24685606e-01  4832.8  1.46465829e+00  7.04974547e-02  6.28850102e-01
  147  1.05512580e+00  4.17411153e-01  3229.2  1.47253695e+00  6.32795175e-02  7.13662858e-01
  148  1.19964578e+00  2.84317387e-01  2199.6  1.48396317e+00  6.00781062e-02  7.09542401e-01
  149  1.13704130e+00  3.33439376e-01  2579.6  1.47048068e+00  5.06564998e-02  5.97148369e-01
  150  1.03199569e+00  4.31599670e-01  3339.0  1.46359536e+00  4.38717352e-02  3.69511466e-01
  151  1.01434870e+00  4.51484785e-01  3492.8  1.46583349e+00  3.99991263e-02  2.27522762e-01
  152  1.07307059e+00  3.96119755e-01  3064.5  1.46919035e+00  3.74969715e-02  1.88855283e-01
  153  1.16556772e+00  3.06227815e-01  2369.1  1.47179553e+00  3.71915035e-02  2.28987135e-01
  154  1.25691688e+00  2.16013537e-01  1671.2  1.47293042e+00  3.82835254e-02  3.23454095e-01
  155  1.33034946e+00  1.42926516e-01  1105.7  1.47327598e+00  4.17575819e-02  3.65575153e-01
  156  1.38005172e+00  9.33648409e-02   722.3  1.47341656e+00  4.60110188e-02  3.58491439e-01
  157  1.40367451e+00  6.98097264e-02   540.1  1.47348423e+00  4.94182042e-02  3.45035962e-01
  158  1.40012855e+00  7.33616361e-02   567.6  1.47349019e+00  5.17870658e-02  3.46880134e-01
  159  1.36931584e+00  1.04116884e-01   805.5  1.47343273e+00  5.32416258e-02  3.68687380e-01
  160  1.31215146e+00  1.61150258e-01  1246.7  1.47330171e+00  5.36156178e-02  4.06406632e-01
  161  1.23069967e+00  2.42382091e-01  1875.2  1.47308176e+00  5.25457995e-02  4.42929103e-01
  162  1.12843602e+00  3.44269598e-01  2663.4  1.47270562e+00  5.00435789e-02  4.46777200e-01
  163  1.01128486e+00  4.60666074e-01  3563.9  1.47195094e+00  4.69604336e-02  4.04695063e-01
  164  8.90231423e-01  5.80514604e-01  4491.1  1.47074603e+00  4.55520745e-02  3.55295442e-01
  165  7.81420812e-01  6.88444240e-01  5326.0  1.46986505e+00  5.04759908e-02  3.42922729e-01
  166  6.95956912e-01  7.74666245e-01  5993.1  1.47062316e+00  6.59829492e-02  3.82651548e-01
  167  6.22644316e-01  8.50920664e-01  6583.0  1.47356498e+00  9.29182023e-02  4.88054201e-01
  168  5.23349651e-01  9.52438044e-01  7368.4  1.47578770e+00  1.24455328e-01  5.87405417e-01
  169  3.71824202e-01  1.10144640e+00  8521.2  1.47327060e+00  1.47724492e-01  6.03893794e-01
  170  1.96885087e-01  1.27245523e+00  9844.2  1.46934032e+00  1.57933191e-01  5.49266084e-01
  171  4.90702379e-02  1.41756397e+00 10966.8  1.46663421e+00  1.64821424e-01  4.65004516e-01
  172 -3.66430684e-02  1.50302873e+00 11628.0  1.46638566e+00  1.81349468e-01  4.66912369e-01
  173 -5.48978661e-02  1.52365260e+00 11787.5  1.46875473e+00  2.21683533e-01  7.16369308e-01
  174 -3.31512340e-02  1.50640323e+00 11654.1  1.47325199e+00  2.73890572e-01  1.03166981e+00
  175 -2.65880843e-02  1.50399844e+00 11635.5  1.47741035e+00  2.93227603e-01  1.18404138e+00
  176 -6.92293310e-02  1.54053944e+00 11918.1  1.47131011e+00  2.68068355e-01  1.02457493e+00
  177 -1.02546677e-01  1.56741396e+00 12126.1  1.46486729e+00  2.35454966e-01  6.34281918e-01
  178 -4.01964896e-02  1.49390453e+00 11557.4  1.45370804e+00  2.44076917e-01  9.98903102e-01
  179  2.62947139e-01  1.18035203e+00  9131.6  1.44329916e+00  2.76662595e-01  1.19090498e+00
  180  6.81744067e-01  8.33620961e-01  6449.2  1.51536503e+00  2.63501833e-01  1.39995694e+00
  181  4.91656488e-01  9.65755638e-01  7471.4  1.45741213e+00  2.45880054e-01  9.85132756e-01
  182  2.44796875e-01  1.20604266e+00  9330.4  1.45083954e+00  1.74677879e-01  7.92166875e-01
  183  2.44618458e-01  1.21914129e+00  9431.7  1.46375975e+00  1.23495410e-01  3.29948407e-01
  184  3.56115979e-01  1.11488750e+00  8625.2  1.47100348e+00  1.07051567e-01  2.38256260e-01
  185  4.91556748e-01  9.81153473e-01  7590.5  1.47271022e+00  1.06405050e-01  2.83771314e-01
  186  6.23253731e-01  8.50203815e-01  6577.5  1.47345755e+00  1.02926142e-01  3.45952264e-01
  187  7.40632094e-01  7.33822368e-01  5677.1  1.47445446e+00  8.62386656e-02  4.05473880e-01
  188  8.33407264e-01  6.40987772e-01  4958.9  1.47439504e+00  6.56394775e-02  3.96730725e-01
  189  9.02262857e-01  5.71621238e-01  4422.3  1.47388409e+00  4.50950099e-02  3.65067724e-01
  190  9.54484087e-01  5.18676193e-01  4012.7  1.47316028e+00  3.23097983e-02  2.94276521e-01
  191  1.00109999e+00  4.71146896e-01  3645.0  1.47224689e+00  3.13474246e-02  2.33066953e-01
  192  1.05454926e+00  4.17400728e-01  3229.2  1.47194999e+00  3.29161847e-02  2.36984825e-01
  193  1.11803773e+00  3.54913732e-01  2745.7  1.47295146e+00  3.19478968e-02  2.84231557e-01
  194  1.17632051e+00  2.98450511e-01  2308.9  1.47477102e+00  2.85741532e-02  3.28466679e-01
  195  1.20468634e+00  2.70305133e-01  2091.2  1.47499147e+00  2.51901102e-02  3.22217990e-01
  196  1.20041889e+00  2.72646531e-01  2109.3  1.47306542e+00  2.40890244e-02  2.56458232e-01
  197  1.18934741e+00  2.82134488e-01  2182.7  1.47148190e+00  2.43557523e-02  1.74946910e-01
  198  1.19485437e+00  2.76358835e-01  2138.0  1.47121321e+00  2.37106939e-02  1.37286654e-01
  199  1.22182179e+00  2.49963900e-01  1933.8  1.47178569e+00  2.27364778e-02  1.30581557e-01
  200  1.26193777e+00  2.10660140e-01  1629.7  1.47259791e+00  2.30315882e-02  1.28728820e-01
  201  1.30276094e+00  1.70492955e-01  1319.0  1.47325389e+00  2.44338777e-02  1.31628318e-01
  202  1.33384204e+00  1.39797050e-01  1081.5  1.47363909e+00  2.57424122e-02  1.35984905e-01
  203  1.34881229e+00  1.24966530e-01   966.8  1.47377882e+00  2.61521239e-02  1.36174902e-01
  204  1.34530972e+00  1.28375533e-01   993.2  1.47368525e+00  2.55179603e-02  1.31214394e-01
  205  1.32489231e+00  1.48415392e-01  1148.2  1.47330770e+00  2.41488667e-02  1.23634428e-01
  206  1.29370884e+00  1.78866959e-01  1383.8  1.47257580e+00  2.26439964e-02  1.15904539e-01
  207  1.26317190e+00  2.08420558e-01  1612.4  1.47159245e+00  2.17187372e-02  1.07815049e-01
  208  1.24802209e+00  2.22799117e-01  1723.7  1.47082121e+00  2.15504207e-02  1.00714022e-01
  209  1.25898569e+00  2.12111643e-01  1641.0  1.47109733e+00  2.13095539e-02  1.11870799e-01
  210  1.29044528e+00  1.82607643e-01  1412.7  1.47305292e+00  2.05600017e-02  1.49298016e-01
  211  1.31399377e+00  1.61049819e-01  1245.9  1.47504359e+00  2.00675246e-02  1.72094128e-01
  212  1.30349452e+00  1.70551751e-01  1319.4  1.47404627e+00  2.00320959e-02  1.58415265e-01
  213  1.27181639e+00  1.99844057e-01  1546.1  1.47166045e+00  1.99997633e-02  1.29648561e-01
  214  1.25190084e+00  2.18804122e-01  1692.7  1.47070496e+00  1.94992519e-02  1.20738679e-01
  215  1.25904627e+00  2.12112803e-01  1641.0  1.47115908e+00  1.90107300e-02  1.22716093e-01
  216  1.28748997e+00  1.84656388e-01  1428.6  1.47214635e+00  1.93094511e-02  1.18366987e-01
  217  1.32265674e+00  1.50368289e-01  1163.3  1.47302503e+00  1.99890965e-02  1.09906539e-01
  218  1.35101187e+00  1.22539094e-01   948.0  1.47355096e+00  2.03460163e-02  1.03794392e-01
  219  1.36406525e+00  1.09695025e-01   848.6  1.47376028e+00  2.02690247e-02  1.02531315e-01
  220  1.35829533e+00  1.15433214e-01   893.0  1.47372854e+00  1.99500247e-02  1.03181557e-01
  221  1.33420007e+00  1.39259127e-01  1077.4  1.47345920e+00  1.94799568e-02  1.05553182e-01
  222  1.29622469e+00  1.76670264e-01  1366.8  1.47289496e+00  1.88527520e-02  1.13156722e-01
  223  1.25339282e+00  2.18660042e-01  1691.6  1.47205287e+00  1.83532043e-02  1.25739882e-01
  224  1.21867330e+00  2.52562600e-01  1953.9  1.47123590e+00  1.86901644e-02  1.37491309e-01
  225  1.20427856e+00  2.66766263e-01  2063.8  1.47104483e+00  1.98296616e-02  1.44263425e-01
  226  1.21277138e+00  2.59289080e-01  2006.0  1.47206046e+00  2.04849911e-02  1.59216345e-01
  227  1.22923076e+00  2.44723969e-01  1893.3  1.47395473e+00  2.03474414e-02  1.91250075e-01
  228  1.22799531e+00  2.46612086e-01  1907.9  1.47460740e+00  2.08171899e-02  2.08633717e-01
  229  1.20054535e+00  2.72598953e-01  2108.9  1.47314430e+00  2.24990956e-02  1.95594673e-01
  230  1.16600735e+00  3.05653763e-01  2364.6  1.47166112e+00  2.43171183e-02  1.73890031e-01
  231  1.14544527e+00  3.25941115e-01  2521.6  1.47138639e+00  2.53664150e-02  1.58741052e-01
  232  1.14363322e+00  3.28359970e-01  2540.3  1.47199319e+00  2.59931756e-02  1.39666857e-01
  233  1.15215482e+00  3.20689820e-01  2481.0  1.47284464e+00  2.66942010e-02  1.26858614e-01
  234  1.15855179e+00  3.14958257e-01  2436.6  1.47351005e+00  2.79038757e-02  1.51984055e-01
  235  1.15270066e+00  3.21204877e-01  2485.0  1.47390554e+00  3.05439739e-02  2.09861467e-01
  236  1.12834945e+00  3.45787407e-01  2675.1  1.47413685e+00  3.52846991e-02  2.72168460e-01
  237  1.08179773e+00  3.92541122e-01  3036.8  1.47433885e+00  4.16947941e-02  3.22076543e-01
  238  1.01010170e+00  4.64502063e-01  3593.5  1.47460376e+00  4.88533032e-02  3.58390704e-01
  239  9.09800195e-01  5.65145539e-01  4372.2  1.47494573e+00  5.77724988e-02  3.97511755e-01
  240  7.76901096e-01  6.98150551e-01  5401.1  1.47505165e+00  7.45907177e-02  4.56866066e-01
  241  6.11105560e-01  8.62857125e-01  6675.4  1.47396269e+00  1.06027512e-01  5.13776053e-01
  242  4.25618102e-01  1.04627218e+00  8094.3  1.47189028e+00  1.49180431e-01  5.24573657e-01
  243  2.44056981e-01  1.22667866e+00  9490.0  1.47073564e+00  1.96204696e-01  5.53140060e-01
  244  8.48238405e-02  1.38375434e+00 10705.2  1.46857819e+00  2.42756613e-01  7.18486782e-01
  245 -2.80729878e-02  1.49674844e+00 11579.4  1.46867546e+00  2.68139281e-01  9.77764303e-01
  246 -9.27037553e-02  1.56075733e+00 12074.6  1.46805357e+00  2.68971557e-01  1.03609438e+00
  247 -9.33952294e-02  1.55396032e+00 12022.0  1.46056509e+00  2.87650158e-01  1.06106099e+00
  248  9.24671735e-02  1.33475420e+00 10326.1  1.42722138e+00  3.48881802e-01  1.97827666e+00
  249  6.06828440e-01  9.23730619e-01  7146.3  1.53055906e+00  3.81735730e-01  2.73413764e+00
  250  3.98894918e-01  1.06654325e+00  8251.1  1.46543817e+00  3.47835553e-01  1.96744193e+00
  251  5.33209652e-03  1.44199255e+00 11155.8  1.44732465e+00  3.10385179e-01  1.18133796e+00
  252 -9.23389841e-02  1.56001056e+00 12068.8  1.46767158e+00  2.73057105e-01  9.93948832e-01
  253 -7.08042555e-02  1.54276549e+00 11935.4  1.47196124e+00  2.51787640e-01  8.63455636e-01
  254  1.28114421e-02  1.45539703e+00 11259.5  1.46820847e+00  2.33461544e-01  5.69341152e-01
  255  1.79959245e-01  1.29138142e+00  9990.6  1.47134066e+00  2.09924346e-01  4.98366367e-01
  256  3.99700643e-01  1.07431571e+00  8311.3  1.47401636e+00  1.87938186e-01  5.70191278e-01
  257  6.33548521e-01  8.42664741e-01  6519.1  1.47621326e+00  1.68733914e-01  6.03758991e-01
  258  8.51368635e-01  6.26522865e-01  4847.0  1.47789150e+00  1.50869104e-01  5.41129750e-01
  259  1.03214024e+00  4.46279538e-01  3452.6  1.47841978e+00  1.35127155e-01  4.53298160e-01
  260  1.16907454e+00  3.09200725e-01  2392.1  1.47827527e+00  1.22024878e-01  3.83984088e-01
  261  1.26414837e+00  2.13847459e-01  1654.4  1.47799582e+00  1.11277989e-01  3.45348807e-01
  262  1.32136548e+00  1.56402456e-01  1210.0  1.47776793e+00  1.02294180e-01  3.30156215e-01
  263  1.34414036e+00  1.33458633e-01  1032.5  1.47759899e+00  9.44486691e-02  3.31538150e-01
  264  1.33512573e+00  1.42317530e-01  1101.0  1.47744326e+00  8.69657770e-02  3.50923026e-01
  265  1.29683051e+00  1.80419108e-01  1395.8  1.47724962e+00  7.86862914e-02  3.93389248e-01
  266  1.23232297e+00  2.44667806e-01  1892.8  1.47699078e+00  6.83684838e-02  4.44762816e-01
  267  1.14575108e+00  3.30799271e-01  2559.2  1.47655035e+00  5.63821057e-02  4.48059639e-01
  268  1.04443155e+00  4.30866216e-01  3333.3  1.47529776e+00  4.55607822e-02  3.73243416e-01
  269  9.46399191e-01  5.26322719e-01  4071.8  1.47272191e+00  3.82808367e-02  3.09423998e-01
  270  8.84785120e-01  5.85539084e-01  4529.9  1.47032420e+00  3.67972481e-02  3.18968222e-01
  271  8.87816871e-01  5.83387739e-01  4513.3  1.47120461e+00  4.20442234e-02  4.04880228e-01
  272  9.31283703e-01  5.48404352e-01  4242.6  1.47968805e+00  5.46763368e-02  5.41653712e-01
  273  9.02796709e-01  5.80474731e-01  4490.8  1.48327144e+00  6.88945420e-02  5.92363322e-01
  274  7.62306195e-01  7.11643645e-01  5505.5  1.47394984e+00  7.76031794e-02  5.31619997e-01
  275  6.19004909e-01  8.51944053e-01  6590.9  1.47094896e+00  8.29390949e-02  4.15632870e-01
  276  5.26761659e-01  9.46119457e-01  7319.5  1.47288112e+00  9.23201334e-02  3.67445533e-01
  277  4.68026511e-01  1.00699848e+00  7790.5  1.47502499e+00  1.11237280e-01  3.29357761e-01
  278  4.15698952e-01  1.06032286e+00  8203.0  1.47602182e+00  1.34946492e-01  3.47088443e-01
  279  3.56428847e-01  1.11915427e+00  8658.2  1.47558312e+00  1.56792161e-01  4.07142058e-01
  280  2.93677325e-01  1.18084641e+00  9135.4  1.47452374e+00  1.74825541e-01  4.47002566e-01
  281  2.40085367e-01  1.23388130e+00  9545.7  1.47396666e+00  1.94763554e-01  4.84981102e-01
  282  2.02248083e-01  1.27376904e+00  9854.3  1.47601712e+00  2.21008228e-01  5.85597750e-01
  283  1.59794675e-01  1.31899039e+00 10204.2  1.47878506e+00  2.42120968e-01  6.42754936e-01
  284  8.77517008e-02  1.38884518e+00 10744.6  1.47659688e+00  2.38451833e-01  6.01997753e-01
  285  8.97015383e-03  1.46372915e+00 11323.9  1.47269930e+00  2.10499465e-01  5.57085522e-01
  286 -3.16051751e-02  1.50090432e+00 11611.5  1.46929914e+00  1.85904302e-01  4.75633298e-01
  287  1.48971972e-02  1.44663532e+00 11191.7  1.46153252e+00  1.98568359e-01  8.01120701e-01
  288  2.53847390e-01  1.19281201e+00  9228.0  1.44665940e+00  2.52970986e-01  1.12908109e+00
  289  6.74956004e-01  8.44282045e-01  6531.7  1.51923805e+00  2.62336027e-01  1.17755179e+00
  290  5.46284851e-01  9.24179250e-01  7149.8  1.47046410e+00  2.58546501e-01  9.97115326e-01
  291  2.79947436e-01  1.17541809e+00  9093.4  1.45536552e+00  2.13932411e-01  8.26288932e-01
  292  2.65479597e-01  1.20314263e+00  9307.9  1.46862222e+00  1.85931926e-01  4.83698736e-01
  293  3.68910509e-01  1.10698448e+00  8564.0  1.47589498e+00  2.04588593e-01  5.96235835e-01
  294  5.00644533e-01  9.75912932e-01  7550.0  1.47655746e+00  2.40015971e-01  5.73957844e-01
  295  6.34442214e-01  8.44547325e-01  6533.7  1.47898954e+00  2.52063124e-01  5.74169604e-01
  296  7.41419814e-01  7.38789815e-01  5715.5  1.48020963e+00  2.49411256e-01  5.91462027e-01
  297  8.03958800e-01  6.76556571e-01  5234.1  1.48051537e+00  2.45558546e-01  5.80544677e-01
  298  8.17062616e-01  6.63356299e-01  5132.0  1.48041892e+00  2.41785966e-01  5.71846579e-01
  299  7.81859421e-01  6.98171011e-01  5401.3  1.48003043e+00  2.37203381e-01  5.63579594e-01
  300  7.04086845e-01  7.75134192e-01  5996.7  1.47922104e+00  2.30394490e-01  5.35273991e-01
  301  5.95663715e-01  8.82304891e-01  6825.8  1.47796861e+00  2.15442480e-01  4.95174834e-01
  302  4.73903319e-01  1.00335809e+00  7762.3  1.47726141e+00  1.85517616e-01  5.04855291e-01
  303  3.52377740e-01  1.12364402e+00  8692.9  1.47602176e+00  1.55008043e-01  4.16816889e-01
  304  2.52751831e-01  1.21962683e+00  9435.5  1.47237866e+00  1.42496816e-01  3.53771732e-01
  305  2.14610554e-01  1.25758994e+00  9729.2  1.47220050e+00  1.50556210e-01  5.03168513e-01
  306  2.34657343e-01  1.24554675e+00  9636.0  1.48020409e+00  1.72616945e-01  7.88357669e-01
  307  2.23051583e-01  1.26149418e+00  9759.4  1.48454577e+00  1.85845971e-01  9.02278954e-01
  308  1.40247502e-01  1.33474975e+00 10326.1  1.47499725e+00  1.82909755e-01  7.71087694e-01
  309  7.97306069e-02  1.39268207e+00 10774.3  1.47241268e+00  1.83209854e-01  5.03424996e-01
  310  8.16614458e-02  1.39376435e+00 10782.6  1.47542579e+00  2.06954639e-01  4.82653925e-01
  311  1.15015187e-01  1.36326325e+00 10546.7  1.47827844e+00  2.52226248e-01  6.38678693e-01
  312  1.48541213e-01  1.32902236e+00 10281.8  1.47756357e+00  3.01725177e-01  7.40444824e-01
  313  1.83865787e-01  1.29335198e+00 10005.8  1.47721777e+00  3.27701726e-01  6.42318480e-01
  314  2.22607753e-01  1.25506256e+00  9709.6  1.47767031e+00  3.11864507e-01  6.55470674e-01
  315  2.59266005e-01  1.21878971e+00  9429.0  1.47805571e+00  2.64336318e-01  6.97886186e-01
  316  2.90539003e-01  1.18664917e+00  9180.3  1.47718818e+00  2.10007907e-01  5.82809591e-01
  317  3.36600950e-01  1.13307402e+00  8765.9  1.46967497e+00  1.78032975e-01  5.42196175e-01
  318  4.86207987e-01  9.73087633e-01  7528.1  1.45929562e+00  1.76385071e-01  8.22529638e-01
  319  8.21781976e-01  6.56771218e-01  5081.0  1.47855319e+00  1.82985279e-01  8.31714539e-01
  320  1.00148583e+00  5.04542001e-01  3903.3  1.50602783e+00  1.68768552e-01  7.19660871e-01
  321  7.49280004e-01  7.11390390e-01  5503.6  1.46067039e+00  1.37177084e-01  8.08885614e-01
  322  5.68353935e-01  8.94830140e-01  6922.7  1.46318407e+00  9.96842018e-02  4.89922809e-01
  323  5.55355505e-01  9.16798746e-01  7092.7  1.47215425e+00  8.77801639e-02  3.57393495e-01
  324  6.09900557e-01  8.66742575e-01  6705.4  1.47664313e+00  9.96390694e-02  3.45858673e-01
  325  6.73603756e-01  8.04261966e-01  6222.1  1.47786572e+00  1.18435392e-01  2.94042886e-01
  326  7.27119441e-01  7.51350872e-01  5812.7  1.47847031e+00  1.20215805e-01  2.90559656e-01
  327  7.62767028e-01  7.15821856e-01  5537.8  1.47858888e+00  1.01534346e-01  3.93277516e-01
  328  7.79919870e-01  6.97987420e-01  5399.9  1.47790729e+00  7.60212038e-02  3.99023133e-01
  329  7.89679085e-01  6.85842068e-01  5305.9  1.47552115e+00  5.54226132e-02  3.51744549e-01
  330  8.21998078e-01  6.50718831e-01  5034.2  1.47271691e+00  4.48465987e-02  3.54245674e-01
  331  9.08598794e-01  5.64742259e-01  4369.0  1.47334105e+00  4.40457001e-02  4.30255220e-01
  332  1.02977814e+00  4.51829034e-01  3495.5  1.48160717e+00  4.87019013e-02  5.58441929e-01
  333  1.07870330e+00  4.06213050e-01  3142.6  1.48491635e+00  5.27744484e-02  5.93461786e-01
  334  1.01963683e+00  4.56077652e-01  3528.4  1.47571448e+00  5.34802990e-02  4.80496692e-01
  335  9.61791130e-01  5.10411908e-01  3948.7  1.47220304e+00  5.28503653e-02  3.08998401e-01
  336  9.63770918e-01  5.09916081e-01  3944.9  1.47368700e+00  5.08915665e-02  2.58794512e-01
  337  1.00996557e+00  4.66637988e-01  3610.1  1.47660356e+00  5.30993710e-02  3.16264685e-01
  338  1.06244946e+00  4.16263107e-01  3220.4  1.47871257e+00  6.32241606e-02  4.36763765e-01
  339  1.09258497e+00  3.86915045e-01  2993.3  1.47950001e+00  8.17793834e-02  5.40187948e-01
  340  1.08793413e+00  3.91789053e-01  3031.0  1.47972319e+00  1.06087922e-01  5.62848419e-01
  341  1.04365521e+00  4.36239648e-01  3374.9  1.47989486e+00  1.31381187e-01  5.33531844e-01
  342  9.56214890e-01  5.23752947e-01  4051.9  1.47996784e+00  1.55087563e-01  5.10724325e-01
  343  8.23879161e-01  6.55728642e-01  5072.9  1.47960780e+00  1.77801770e-01  5.07162368e-01
  344  6.50982514e-01  8.27504933e-01  6401.9  1.47848745e+00  1.99883696e-01  5.01300396e-01
  345  4.52579629e-01  1.02386456e+00  7921.0  1.47644419e+00  2.13253347e-01  5.09032709e-01
  346  2.55147212e-01  1.21913172e+00  9431.6  1.47427893e+00  2.11054839e-01  5.33052796e-01
  347  9.39854617e-02  1.37509003e+00 10638.2  1.46907549e+00  2.13555975e-01  4.85350457e-01
  348  3.16960545e-02  1.43258525e+00 11083.0  1.46428131e+00  2.49699704e-01  8.25521060e-01
  349  1.42871549e-01  1.30936548e+00 10129.7  1.45223703e+00  3.11577450e-01  1.40114124e+00
  350  3.99663247e-01  1.11788481e+00  8648.3  1.51754805e+00  3.21526279e-01  2.21697007e+00
  351  1.96026717e-01  1.27541531e+00  9867.1  1.47144202e+00  3.18556905e-01  1.80143321e+00
  352 -7.49746923e-02  1.53862569e+00 11903.3  1.46365100e+00  2.84625639e-01  1.09648533e+00
  353 -1.36745296e-01  1.61082594e+00 12461.9  1.47408064e+00  2.71741991e-01  8.32941053e-01
  354 -1.03321730e-01  1.57926210e+00 12217.7  1.47594037e+00  2.76616179e-01  1.01347018e+00
  355 -7.04529169e-03  1.48731537e+00 11506.4  1.48027008e+00  2.96214829e-01  1.26870374e+00
  356  6.84768623e-02  1.42238550e+00 11004.1  1.49086236e+00  2.95317798e-01  1.23247464e+00
  357  3.26997461e-02  1.44608062e+00 11187.4  1.47878036e+00  2.48398402e-01  1.16611426e+00
  358  3.19897622e-03  1.47036538e+00 11375.3  1.47356436e+00  1.80295975e-01  7.70742328e-01
  359  5.71177552e-02  1.41668769e+00 10960.0  1.47380544e+00  1.39392148e-01  2.84614982e-01
  360  1.90625609e-01  1.28852206e+00  9968.5  1.47914767e+00  1.15399135e-01  2.44009897e-01
  361  3.47330901e-01  1.13435393e+00  8775.8  1.48168483e+00  1.00207570e-01  2.08322373e-01
  362  4.96146359e-01  9.85084276e-01  7621.0  1.48123064e+00  9.35249964e-02  2.96505327e-01
  363  6.37744909e-01  8.43605919e-01  6526.4  1.48135083e+00  8.92086634e-02  3.87434316e-01
  364  7.71317488e-01  7.10372321e-01  5495.7  1.48168981e+00  8.20479484e-02  4.32193659e-01
  365  8.92603492e-01  5.89279629e-01  4558.9  1.48188312e+00  7.12571885e-02  4.45215849e-01
  366  9.98230497e-01  4.83889234e-01  3743.5  1.48211973e+00  5.67036021e-02  4.58220594e-01
  367  1.08452441e+00  3.97903303e-01  3078.3  1.48242771e+00  4.04333246e-02  4.43821160e-01
  368  1.14742196e+00  3.35223392e-01  2593.4  1.48264535e+00  2.76289437e-02  3.72942559e-01
  369  1.18427242e+00  2.98336945e-01  2308.0  1.48260937e+00  2.34688902e-02  2.61946869e-01
  370  1.19589754e+00  2.86287752e-01  2214.8  1.48218529e+00  2.51545827e-02  1.54208765e-01
  371  1.18858850e+00  2.92678327e-01  2264.3  1.48126683e+00  2.64130243e-02  1.09538883e-01
  372  1.17558197e+00  3.04402001e-01  2355.0  1.47998397e+00  2.56889771e-02  1.36147630e-01
  373  1.17502484e+00  3.03867007e-01  2350.8  1.47889185e+00  2.42660417e-02  1.61323776e-01
  374  1.20167529e+00  2.77171460e-01  2144.3  1.47884675e+00  2.25067854e-02  1.82645173e-01
  375  1.25321911e+00  2.27659961e-01  1761.3  1.48087907e+00  2.00775018e-02  2.34014384e-01
  376  1.29774522e+00  1.86011188e-01  1439.0  1.48375641e+00  1.88656445e-02  2.72740180e-01
  377  1.29686796e+00  1.86020077e-01  1439.1  1.48288804e+00  1.99864120e-02  2.45332696e-01
  378  1.26183694e+00  2.17861877e-01  1685.5  1.47969881e+00  2.24775704e-02  1.52706873e-01
  379  1.23707440e+00  2.41267095e-01  1866.5  1.47834149e+00  2.37218931e-02  7.72420713e-02
  380  1.24540945e+00  2.33407258e-01  1805.7  1.47881670e+00  2.32312592e-02  9.43746748e-02
  381  1.28179849e+00  1.98208988e-01  1533.4  1.48000748e+00  2.34045877e-02  1.20179451e-01
  382  1.32914112e+00  1.51957274e-01  1175.6  1.48109839e+00  2.49615005e-02  1.34532712e-01
  383  1.37084783e+00  1.10935334e-01   858.2  1.48178317e+00  2.66140212e-02  1.40504165e-01
  384  1.39599753e+00  8.60999798e-02   666.1  1.48209751e+00  2.73261785e-02  1.40854526e-01
  385  1.39940508e+00  8.27177820e-02   639.9  1.48212287e+00  2.68309308e-02  1.37446366e-01
  386  1.38066989e+00  1.01177193e-01   782.7  1.48184708e+00  2.52835791e-02  1.31681911e-01
  387  1.34437019e+00  1.36784515e-01  1058.2  1.48115470e+00  2.31061879e-02  1.24346442e-01
  388  1.30151344e+00  1.78454130e-01  1380.6  1.47996757e+00  2.11214053e-02  1.13647824e-01
  389  1.26999025e+00  2.08611637e-01  1613.9  1.47860188e+00  2.03163728e-02  9.75483924e-02
  390  1.26912763e+00  2.08865698e-01  1615.9  1.47799332e+00  2.03825867e-02  8.97706279e-02
  391  1.30493352e+00  1.74664806e-01  1351.3  1.47959833e+00  2.00004968e-02  1.28579683e-01
  392  1.34999684e+00  1.33311973e-01  1031.3  1.48330881e+00  1.96096042e-02  1.74504308e-01
  393  1.35327091e+00  1.30469734e-01  1009.4  1.48374065e+00  1.97022663e-02  1.75800058e-01
  394  1.30926261e+00  1.70847513e-01  1321.7  1.48011012e+00  1.98241961e-02  1.38483310e-01
  395  1.26694204e+00  2.11161247e-01  1633.6  1.47810329e+00  1.95462138e-02  1.11629926e-01
  396  1.25908048e+00  2.19407584e-01  1697.4  1.47848807e+00  1.88704984e-02  1.16981348e-01
  397  1.28339623e+00  1.96389006e-01  1519.3  1.47978524e+00  1.89924975e-02  1.19022603e-01
  398  1.32181581e+00  1.59186153e-01  1231.5  1.48100196e+00  1.97952129e-02  1.11983233e-01
  399  1.35621009e+00  1.25534960e-01   971.2  1.48174505e+00  2.01572856e-02  1.05754647e-01
  400  1.37491391e+00  1.07148713e-01   828.9  1.48206263e+00  1.97917543e-02  1.06701915e-01
  401  1.37268375e+00  1.09415005e-01   846.5  1.48209875e+00  1.90522773e-02  1.08931775e-01
  402  1.34886229e+00  1.33048905e-01  1029.3  1.48191119e+00  1.82082082e-02  1.07613969e-01
  403  1.30655059e+00  1.74898206e-01  1353.1  1.48144879e+00  1.72853101e-02  1.06644564e-01
  404  1.25322344e+00  2.27413270e-01  1759.3  1.48063671e+00  1.65324594e-02  1.13303651e-01
  405  1.20145222e+00  2.78171260e-01  2152.0  1.47962348e+00  1.71256055e-02  1.25149653e-01
  406  1.16629345e+00  3.12681347e-01  2419.0  1.47897479e+00  1.99288604e-02  1.29601510e-01
  407  1.15700335e+00  3.22423846e-01  2494.4  1.47942720e+00  2.32056814e-02  1.26238505e-01
  408  1.16639978e+00  3.14891845e-01  2436.1  1.48129163e+00  2.48703122e-02  1.57063968e-01
  409  1.16806461e+00  3.15041361e-01  2437.3  1.48310597e+00  2.54266121e-02  1.99507852e-01
  410  1.13796134e+00  3.44537233e-01  2665.5  1.48249858e+00  2.59865177e-02  2.01809171e-01
  411  1.08351064e+00  3.97069729e-01  3071.9  1.48058037e+00  2.57184620e-02  1.83931024e-01
  412  1.03058445e+00  4.49135894e-01  3474.7  1.47972034e+00  2.33575595e-02  1.98993771e-01
  413  9.92541904e-01  4.87622585e-01  3772.4  1.48016449e+00  2.12304454e-02  2.50440121e-01
  414  9.64445971e-01  5.16656306e-01  3997.0  1.48110228e+00  2.71730750e-02  3.25963838e-01
  415  9.33554324e-01  5.48320804e-01  4242.0  1.48187513e+00  4.29770743e-02  3.91118835e-01
  416  8.88365150e-01  5.94141504e-01  4596.5  1.48250665e+00  6.19154480e-02  4.13972212e-01
  417  8.19482786e-01  6.63652190e-01  5134.2  1.48313498e+00  7.99514122e-02  4.13860505e-01
  418  7.18367580e-01  7.65036731e-01  5918.6  1.48340431e+00  9.91258681e-02  3.99444242e-01
  419  5.80901894e-01  9.02014448e-01  6978.3  1.48291634e+00  1.21945857e-01  3.67082736e-01
  420  4.11427140e-01  1.07057997e+00  8282.4  1.48200711e+00  1.45338517e-01  3.82049061e-01
  421  2.23513008e-01  1.25513207e+00  9710.1  1.47864507e+00  1.68178739e-01  4.02207391e-01
  422  6.00514070e-02  1.41304359e+00 10931.8  1.47309500e+00  1.90728283e-01  4.48082348e-01
  423 -1.66014197e-02  1.48883561e+00 11518.2  1.47223419e+00  2.31780635e-01  7.76102797e-01
  424  1.53567325e-02  1.45325764e+00 11242.9  1.46861437e+00  2.94368322e-01  1.27024534e+00
  425  1.75882434e-01  1.30596069e+00 10103.4  1.48184312e+00  3.17781081e-01  1.73586634e+00
  426  2.44776548e-01  1.24713672e+00  9648.3  1.49191327e+00  3.19886129e-01  1.81308804e+00
  427  1.00436743e-01  1.35955178e+00 10518.0  1.45998853e+00  3.18499504e-01  1.32052031e+00
  428  1.00239058e-01  1.35687408e+00 10497.3  1.45711314e+00  3.20105547e-01  1.31579932e+00
  429  2.54656150e-01  1.24628143e+00  9641.7  1.50093758e+00  3.21263627e-01  1.76895562e+00
  430  1.35415314e-01  1.34122469e+00 10376.2  1.47664001e+00  3.14044646e-01  1.64342000e+00
  431 -3.17004164e-02  1.50105227e+00 11612.7  1.46935185e+00  2.92624768e-01  1.25485682e+00
  432 -4.68853446e-02  1.52071228e+00 11764.8  1.47382693e+00  2.55542774e-01  7.33494114e-01
  433  3.77773962e-02  1.43686880e+00 11116.1  1.47464620e+00  2.44228580e-01  5.92906520e-01
  434  2.05769072e-01  1.27168379e+00  9838.2  1.47745286e+00  2.41257586e-01  6.18203753e-01
  435  4.19207517e-01  1.06128436e+00  8210.5  1.48049188e+00  2.33872850e-01  5.45631519e-01
  436  6.37085612e-01  8.45706473e-01  6542.7  1.48279209e+00  2.11834967e-01  5.29976041e-01
  437  8.28224249e-01  6.55817402e-01  5073.6  1.48404165e+00  1.84114814e-01  5.22738910e-01
  438  9.75869404e-01  5.08647385e-01  3935.1  1.48451679e+00  1.57088226e-01  5.10762094e-01
  439  1.07472283e+00  4.09682222e-01  3169.4  1.48440506e+00  1.30852993e-01  5.11832316e-01
  440  1.12725351e+00  3.56865929e-01  2760.8  1.48411944e+00  1.05127000e-01  5.24518625e-01
  441  1.13843530e+00  3.45426986e-01  2672.3  1.48386228e+00  8.11411174e-02  5.06985814e-01
  442  1.11335479e+00  3.69946688e-01  2862.0  1.48330148e+00  6.24044056e-02  4.10109538e-01
  443  1.06175703e+00  4.19653093e-01  3246.6  1.48141013e+00  5.17831899e-02  2.71126885e-01
  444  1.01011498e+00  4.67754902e-01  3618.7  1.47786988e+00  4.87490892e-02  1.97883088e-01
  445  1.00454377e+00  4.69941948e-01  3635.6  1.47448572e+00  5.12918270e-02  2.38896900e-01
  446  1.08617116e+00  3.88385378e-01  3004.7  1.47455654e+00  5.40571111e-02  4.45483942e-01
  447  1.22632195e+00  2.61063914e-01  2019.7  1.48738586e+00  5.80564724e-02  6.39160751e-01
  448  1.24811393e+00  2.42530685e-01  1876.3  1.49064461e+00  5.86188846e-02  6.58728127e-01
  449  1.11510668e+00  3.60952406e-01  2792.5  1.47605909e+00  5.35522191e-02  4.98033760e-01
  450  1.01238640e+00  4.61614488e-01  3571.2  1.47400089e+00  5.03237652e-02  2.74403042e-01
  451  1.00007244e+00  4.76992247e-01  3690.2  1.47706469e+00  4.70963666e-02  2.05332196e-01
  452  1.04411116e+00  4.36692435e-01  3378.4  1.48080359e+00  4.86255075e-02  2.55160822e-01
  453  1.09645953e+00  3.86577293e-01  2990.7  1.48303682e+00  5.77801908e-02  3.86885479e-01
  454  1.12674074e+00  3.56929216e-01  2761.3  1.48366996e+00  7.53366423e-02  4.79276041e-01
  455  1.12421078e+00  3.59647311e-01  2782.4  1.48385810e+00  9.73280799e-02  4.72941273e-01
  456  1.08473989e+00  3.99362804e-01  3089.6  1.48410270e+00  1.18658667e-01  4.32156749e-01
  457  1.00415670e+00  4.80152751e-01  3714.6  1.48430945e+00  1.38269632e-01  4.15389743e-01
  458  8.79112194e-01  6.04991839e-01  4680.4  1.48410403e+00  1.57832043e-01  4.20544672e-01
  459  7.11858195e-01  7.71157197e-01  5965.9  1.48301539e+00  1.77113566e-01  4.26096787e-01
  460  5.16008820e-01  9.65190640e-01  7467.1  1.48119946e+00  1.87542718e-01  4.65615712e-01
  461  3.14487975e-01  1.16481468e+00  9011.4  1.47930265e+00  1.85600196e-01  4.81829037e-01
  462  1.41688398e-01  1.33067896e+00 10294.6  1.47236736e+00  1.92392079e-01  4.27789775e-01
  463  7.99306337e-02  1.38371451e+00 10704.9  1.46364515e+00  2.36276337e-01  8.66457906e-01
  464  2.63753267e-01  1.17503258e+00  9090.5  1.43878585e+00  3.04462294e-01  1.33748425e+00
  465  6.86359353e-01  8.39060424e-01  6491.3  1.52541978e+00  3.09005535e-01  2.81197990e+00
  466  4.69521788e-01  1.01753032e+00  7872.0  1.48705211e+00  3.21675355e-01  2.54828335e+00
  467  1.63365550e-02  1.43764275e+00 11122.1  1.45397931e+00  3.01829163e-01  1.22856450e+00
  468 -1.13285275e-01  1.59278632e+00 12322.3  1.47950105e+00  2.85288446e-01  1.06581599e+00
  469 -1.25824911e-01  1.61218298e+00 12472.4  1.48635807e+00  2.81576265e-01  9.94548812e-01
  470 -1.15880080e-01  1.59989724e+00 12377.4  1.48401716e+00  2.75182092e-01  9.37101459e-01
  471 -6.11703739e-02  1.53909509e+00 11907.0  1.47792471e+00  2.82127470e-01  1.02359662e+00
  472  8.78050966e-02  1.39636380e+00 10802.8  1.48416890e+00  2.88531088e-01  1.21516164e+00
  473  2.31590012e-01  1.26346838e+00  9774.6  1.49505839e+00  2.72332155e-01  1.19114386e+00
  474  2.43992867e-01  1.24019066e+00  9594.5  1.48418352e+00  2.30794570e-01  1.11563945e+00
  475  2.44663845e-01  1.23420620e+00  9548.2  1.47887004e+00  1.70400388e-01  7.16478928e-01
  476  3.24196062e-01  1.15827161e+00  8960.8  1.48246767e+00  1.22265713e-01  3.72929833e-01
  477  4.57503695e-01  1.02784605e+00  7951.8  1.48534975e+00  9.85677470e-02  2.92255999e-01
  478  6.10359958e-01  8.76037788e-01  6777.3  1.48639775e+00  9.89938725e-02  3.52793026e-01
  479  7.67196911e-01  7.19584084e-01  5567.0  1.48678099e+00  1.15384247e-01  3.60989276e-01
  480  9.20415376e-01  5.67090348e-01  4387.2  1.48750572e+00  1.25709115e-01  2.62909480e-01
  481  1.06015233e+00  4.28054324e-01  3311.6  1.48820665e+00  1.23238170e-01  2.25919540e-01
  482  1.17735783e+00  3.11165509e-01  2407.3  1.48852334e+00  1.14662629e-01  2.34779490e-01
  483  1.26759650e+00  2.21024161e-01  1709.9  1.48862066e+00  1.05816688e-01  2.40513538e-01
  484  1.32941712e+00  1.59224416e-01  1231.8  1.48864153e+00  9.88965402e-02  2.38929491e-01
  485  1.36244504e+00  1.26204943e-01   976.4  1.48864998e+00  9.41141170e-02  2.38772883e-01
  486  1.36650055e+00  1.22151935e-01   945.0  1.48865249e+00  9.11095780e-02  2.44707050e-01
  487  1.34151596e+00  1.47092715e-01  1138.0  1.48860868e+00  8.93172677e-02  2.57664465e-01
  488  1.28812143e+00  2.00302194e-01  1549.6  1.48842362e+00  8.74798948e-02  2.83493781e-01
  489  1.20895520e+00  2.79027821e-01  2158.7  1.48798302e+00  8.26208929e-02  3.46612109e-01
  490  1.11007568e+00  3.77272483e-01  2918.7  1.48734817e+00  7.05646292e-02  4.44243018e-01
  491  1.00086234e+00  4.85412794e-01  3755.3  1.48627513e+00  5.26152534e-02  4.51401132e-01
  492  8.98402298e-01  5.85014204e-01  4525.9  1.48341650e+00  3.96229095e-02  3.61290232e-01
  493  8.39591906e-01  6.39976499e-01  4951.1  1.47956840e+00  3.98864205e-02  3.25000957e-01
  494  8.70186578e-01  6.07289461e-01  4698.2  1.47747604e+00  5.06997415e-02  4.42099753e-01
  495  9.87205956e-01  5.02231446e-01  3885.4  1.48943740e+00  7.42455790e-02  6.47796575e-01
  496  9.97916636e-01  5.03477768e-01  3895.1  1.50139440e+00  1.01404377e-01  7.14783019e-01
  497  7.65002408e-01  7.18372268e-01  5557.6  1.48337468e+00  1.19408748e-01  7.62170287e-01
  498  5.05324205e-01  9.73260378e-01  7529.5  1.47858458e+00  1.28413011e-01  6.05902580e-01
  499  3.29905061e-01  1.15244615e+00  8915.7  1.48235121e+00  1.40472540e-01  4.24644454e-01
  500  2.08836877e-01  1.27580984e+00  9870.1  1.48464672e+00  1.60988254e-01  3.71200789e-01
  501  1.15479063e-01  1.36828888e+00 10585.6  1.48376795e+00  1.83799676e-01  4.29282248e-01
  502  5.86142467e-02  1.42349051e+00 11012.6  1.48210475e+00  2.08185489e-01  4.86322041e-01
  503  5.64981024e-02  1.42682724e+00 11038.4  1.48332535e+00  2.49626315e-01  6.70618881e-01
  504  9.07462467e-02  1.39996214e+00 10830.6  1.49070838e+00  2.92509274e-01  1.00070100e+00
  505  7.84309132e-02  1.41556421e+00 10951.3  1.49399513e+00  2.94221318e-01  1.15188920e+00
  506 -6.30723560e-03  1.49048323e+00 11530.9  1.48417599e+00  2.51235460e-01  1.01027453e+00
  507 -6.68409196e-02  1.54677121e+00 11966.4  1.47993029e+00  2.03067634e-01  6.34888951e-01
  508 -4.02629219e-02  1.51788189e+00 11742.9  1.47761896e+00  1.97881069e-01  7.44440157e-01
  509  1.01046005e-01  1.37704877e+00 10653.3  1.47809477e+00  2.32307359e-01  1.09819519e+00
  510  3.09282219e-01  1.18945484e+00  9202.0  1.49873706e+00  2.55474236e-01  1.09002633e+00
  511  3.68897521e-01  1.12214497e+00  8681.3  1.49104249e+00  2.39094188e-01  1.04189065e+00
  512  3.41508016e-01  1.13671052e+00  8794.0  1.47821854e+00  1.97732330e-01  7.43989154e-01
  513  3.96955460e-01  1.08269082e+00  8376.1  1.47964628e+00  1.71730563e-01  5.42504091e-01
  514  5.33098665e-01  9.50971264e-01  7357.0  1.48406993e+00  1.76835897e-01  6.08456589e-01
  515  6.97117766e-01  7.89170530e-01  6105.3  1.48628830e+00  1.99226483e-01  6.15408463e-01
  516  8.53623986e-01  6.34374158e-01  4907.7  1.48799814e+00  2.11510088e-01  5.45911388e-01
  517  9.78766872e-01  5.10343353e-01  3948.2  1.48911023e+00  2.10979004e-01  5.40782428e-01
  518  1.05731631e+00  4.32239198e-01  3344.0  1.48955550e+00  2.08238591e-01  5.36455812e-01
  519  1.08282773e+00  4.06865680e-01  3147.7  1.48969341e+00  2.07793129e-01  5.30173681e-01
  520  1.05330236e+00  4.36376304e-01  3376.0  1.48967866e+00  2.10394580e-01  5.28720052e-01
  521  9.69134697e-01  5.20248575e-01  4024.8  1.48938327e+00  2.15944326e-01  5.36259510e-01
  522  8.34923217e-01  6.53378594e-01  5054.8  1.48830181e+00  2.21801878e-01  5.41931282e-01
  523  6.65996707e-01  8.20006886e-01  6343.9  1.48600359e+00  2.16062175e-01  5.92299775e-01
  524  4.91844507e-01  9.91660643e-01  7671.8  1.48350515e+00  1.92995366e-01  6.22151323e-01
  525  3.56768599e-01  1.11899206e+00  8656.9  1.47576066e+00  1.87534549e-01  5.64781505e-01
  526  3.57925941e-01  1.10658217e+00  8560.9  1.46450811e+00  2.27830596e-01  9.52436161e-01
  527  6.06676441e-01  8.72774428e-01  6752.1  1.47945087e+00  2.76601163e-01  1.12670266e+00
  528  6.98376492e-01  8.27743183e-01  6403.7  1.52611967e+00  2.78876650e-01  1.56870230e+00
  529  2.22728660e-01  1.22629595e+00  9487.1  1.44902461e+00  2.81407397e-01  1.20580116e+00
  530 -4.01989742e-02  1.50686879e+00 11657.7  1.46666981e+00  2.22895126e-01  9.25084246e-01
  531 -5.46170736e-02  1.51503171e+00 11720.8  1.46041464e+00  2.26536391e-01  8.74339094e-01
  532  3.15798719e-01  1.07049002e+00  8281.7  1.38628874e+00  2.90910462e-01  1.36869339e+00
  533  1.25561890e+00  2.99436370e-01  2316.5  1.55505527e+00  2.88480489e-01  2.59852476e+00
  534  1.17660171e+00  3.75827464e-01  2907.5  1.55242918e+00  2.74083884e-01  2.72053066e+00
  535  2.49034752e-01  1.14056635e+00  8823.8  1.38960110e+00  2.95745984e-01  1.25231934e+00
  536  1.24305139e-02  1.44303487e+00 11163.8  1.45546538e+00  2.29238775e-01  7.08966902e-01
  537  4.03681048e-02  1.42684291e+00 11038.6  1.46721102e+00  2.25233871e-01  5.64581947e-01
  538  1.41691703e-01  1.32839339e+00 10276.9  1.47008509e+00  2.41977277e-01  6.10677142e-01
  539  2.65830653e-01  1.20630509e+00  9332.4  1.47213574e+00  2.37829162e-01  6.57877075e-01
  540  3.86886508e-01  1.08596532e+00  8401.4  1.47285183e+00  2.17582707e-01  6.56588217e-01
  541  4.93646259e-01  9.79302967e-01  7576.2  1.47294923e+00  1.91156864e-01  6.21793001e-01
  542  5.81902402e-01  8.91578016e-01  6897.6  1.47348042e+00  1.59058079e-01  6.09989239e-01
  543  6.45319357e-01  8.28568393e-01  6410.1  1.47388775e+00  1.27489652e-01  5.70051794e-01
  544  6.80318831e-01  7.93251987e-01  6136.9  1.47357082e+00  1.05059408e-01  4.92424603e-01
  545  6.91659359e-01  7.81240533e-01  6043.9  1.47289989e+00  9.39161994e-02  4.23204878e-01
  546  6.88540632e-01  7.83675404e-01  6062.8  1.47221604e+00  9.20756105e-02  3.89037686e-01
  547  6.80327245e-01  7.91340995e-01  6122.1  1.47166824e+00  9.71645884e-02  3.85630356e-01
  548  6.74506554e-01  7.96865463e-01  6164.8  1.47137202e+00  1.06458596e-01  3.92822450e-01
  549  6.75392610e-01  7.95931498e-01  6157.6  1.47132411e+00  1.16255108e-01  3.93370985e-01
  550  6.84161923e-01  7.87193054e-01  6090.0  1.47135498e+00  1.23079288e-01  3.79877666e-01
  551  7.00500762e-01  7.70887076e-01  5963.9  1.47138784e+00  1.24506544e-01  3.62055023e-01
  552  7.23442813e-01  7.48083892e-01  5787.4  1.47152671e+00  1.19716847e-01  3.60352361e-01
  553  7.50491189e-01  7.21350324e-01  5580.6  1.47184151e+00  1.10836559e-01  3.75134714e-01
  554  7.77062202e-01  6.95202206e-01  5378.3  1.47226441e+00  1.02114238e-01  3.93415231e-01
  555  7.97204375e-01  6.75536474e-01  5226.2  1.47274085e+00  9.70953802e-02  4.15324197e-01
  556  8.04176980e-01  6.69098482e-01  5176.4  1.47327546e+00  9.76461798e-02  4.53856662e-01
  557  7.90446064e-01  6.83370296e-01  5286.8  1.47381636e+00  1.05255113e-01  5.18319236e-01
  558  7.48449547e-01  7.25663423e-01  5614.0  1.47411297e+00  1.21754940e-01  5.91677474e-01
  559  6.73890508e-01  7.99824752e-01  6187.7  1.47371526e+00  1.46501720e-01  6.25916788e-01
  560  5.70881698e-01  9.01946660e-01  6977.8  1.47282836e+00  1.72427374e-01  6.10547837e-01
  561  4.49640923e-01  1.02297757e+00  7914.1  1.47261850e+00  1.92229404e-01  6.09729184e-01
  562  3.15713717e-01  1.15684508e+00  8949.8  1.47255880e+00  2.07020323e-01  5.88158847e-01
  563  1.73580830e-01  1.29752413e+00 10038.1  1.47110496e+00  2.13807653e-01  5.13917518e-01
  564  4.47094166e-02  1.42286705e+00 11007.8  1.46757646e+00  2.02867511e-01  5.03269124e-01
  565 -2.37132642e-02  1.48416494e+00 11482.0  1.46045168e+00  1.95075267e-01  5.58792479e-01
  566  6.81405714e-02  1.36732738e+00 10578.1  1.43546795e+00  2.48828981e-01  1.17082232e+00
  567  6.25010324e-01  8.42176134e-01  6515.4  1.46718646e+00  2.79285437e-01  1.90061712e+00
  568  8.78286516e-01  6.40990657e-01  4958.9  1.51927717e+00  2.77794360e-01  2.22307521e+00
  569  2.38359342e-01  1.15521387e+00  8937.1  1.39357322e+00  2.72714162e-01  1.21380200e+00
  570 -4.92027972e-02  1.48090268e+00 11456.8  1.43169989e+00  2.20354557e-01  8.41499792e-01
  571 -3.67917525e-02  1.48056810e+00 11454.2  1.44377635e+00  2.15377132e-01  9.03391031e-01
  572  9.23719794e-02  1.35732516e+00 10500.7  1.44969714e+00  2.55366771e-01  1.12662319e+00
  573  2.29977646e-01  1.23002229e+00  9515.9  1.45999993e+00  2.70518750e-01  1.11173197e+00
  574  2.78824222e-01  1.17382922e+00  9081.2  1.45265345e+00  2.43325237e-01  9.39207926e-01
  575  3.11123185e-01  1.13548695e+00  8784.5  1.44661013e+00  2.02120436e-01  6.44179502e-01
  576  4.01145570e-01  1.04683980e+00  8098.7  1.44798537e+00  1.77087864e-01  5.49388966e-01
  577  5.35547919e-01  9.16081217e-01  7087.1  1.45162914e+00  1.69534494e-01  6.11161909e-01
  578  6.70899356e-01  7.82380981e-01  6052.8  1.45328034e+00  1.70594529e-01  5.69286809e-01
  579  7.82576018e-01  6.71478798e-01  5194.8  1.45405482e+00  1.69107872e-01  4.34849771e-01
  580  8.59508553e-01  5.94962534e-01  4602.8  1.45447109e+00  1.60846789e-01  3.39241129e-01
  581  8.96966263e-01  5.57420577e-01  4312.4  1.45438684e+00  1.46592894e-01  3.20300003e-01
  582  8.97025505e-01  5.56903774e-01  4308.4  1.45392928e+00  1.25637821e-01  3.82161077e-01
  583  8.66821681e-01  5.86513884e-01  4537.5  1.45333557e+00  9.79346139e-02  4.42338618e-01
  584  8.17319447e-01  6.34069940e-01  4905.4  1.45138939e+00  7.07807015e-02  4.01972996e-01
  585  7.77691052e-01  6.68618085e-01  5172.7  1.44630914e+00  5.46203566e-02  3.64565405e-01
  586  8.10341527e-01  6.30403101e-01  4877.0  1.44074463e+00  5.22776154e-02  4.32765355e-01
  587  9.72737336e-01  4.71675407e-01  3649.0  1.44441274e+00  6.08254014e-02  6.23888272e-01
  588  1.14924081e+00  3.21044275e-01  2483.7  1.47028509e+00  7.15222642e-02  6.79915101e-01
  589  1.04291442e+00  4.10763450e-01  3177.8  1.45367787e+00  6.75760259e-02  6.59896289e-01
  590  8.31002828e-01  6.08873260e-01  4710.5  1.43987609e+00  5.80290894e-02  5.03938523e-01
  591  7.40480997e-01  7.04072515e-01  5447.0  1.44455351e+00  5.73508212e-02  3.74394583e-01
  592  7.44211668e-01  7.06084408e-01  5462.5  1.45029608e+00  6.92544640e-02  3.77799404e-01
  593  7.73795246e-01  6.79317211e-01  5255.4  1.45311246e+00  9.40089623e-02  4.22325453e-01
  594  7.90431939e-01  6.63380881e-01  5132.1  1.45381282e+00  1.22361954e-01  3.66325474e-01
  595  7.81412995e-01  6.72606349e-01  5203.5  1.45401934e+00  1.41985090e-01  2.65302319e-01
  596  7.42801046e-01  7.10988983e-01  5500.5  1.45379003e+00  1.47018173e-01  3.30583968e-01
  597  6.76570527e-01  7.76821836e-01  6009.8  1.45339236e+00  1.38958829e-01  4.84985862e-01
  598  5.88778775e-01  8.63410579e-01  6679.6  1.45218935e+00  1.29665144e-01  5.38244551e-01
  599  4.98868468e-01  9.49118453e-01  7342.7  1.44798692e+00  1.35802146e-01  5.30987623e-01
  600  4.57063065e-01  9.87261513e-01  7637.8  1.44432458e+00  1.63316536e-01  6.45353849e-01
  601  4.96842398e-01  9.54852670e-01  7387.1  1.45169507e+00  2.05001996e-01  9.61561879e-01
  602  5.09953893e-01  9.56935716e-01  7403.2  1.46688961e+00  2.37302600e-01  1.11334927e+00
  603  3.42703640e-01  1.11021878e+00  8589.0  1.45292242e+00  2.42895372e-01  1.04654458e+00
  604  1.33684941e-01  1.30993688e+00 10134.1  1.44362182e+00  2.19342626e-01  7.52706652e-01
  605  1.40498803e-02  1.43170278e+00 11076.2  1.44575266e+00  1.90074216e-01  5.11750006e-01
  606 -1.85767031e-02  1.46257026e+00 11315.0  1.44399356e+00  1.84496380e-01  4.84547253e-01
  607  6.05447362e-02  1.37368361e+00 10627.3  1.43422835e+00  2.24307807e-01  9.26792720e-01
  608  3.68656726e-01  1.06376817e+00  8229.7  1.43242489e+00  2.82913406e-01  1.15140018e+00
  609  6.80083941e-01  8.22274622e-01  6361.4  1.50235856e+00  2.83019198e-01  1.37758512e+00
  610  4.00571600e-01  1.02734482e+00  7947.9  1.42791642e+00  2.84269907e-01  1.26107550e+00
  611  2.07867966e-01  1.22726429e+00  9494.5  1.43513226e+00  2.40537524e-01  7.55431835e-01
  612  2.11256218e-01  1.23476696e+00  9552.6  1.44602318e+00  2.28831749e-01  6.01159699e-01
  613  2.86031315e-01  1.16266349e+00  8994.8  1.44869481e+00  2.57299943e-01  6.94493959e-01
  614  3.83062478e-01  1.06764505e+00  8259.7  1.45070753e+00  2.77732932e-01  5.98685555e-01
  615  4.74509619e-01  9.78099739e-01  7566.9  1.45260936e+00  2.69616006e-01  5.89602937e-01
  616  5.36708692e-01  9.15921905e-01  7085.9  1.45263060e+00  2.47307960e-01  5.99976204e-01
  617  5.67661095e-01  8.84650244e-01  6844.0  1.45231134e+00  2.14362846e-01  6.33205145e-01
  618  5.72845951e-01  8.78850776e-01  6799.1  1.45169673e+00  1.73422586e-01  6.17543587e-01
  619  5.63518408e-01  8.86296164e-01  6856.7  1.44981457e+00  1.37698171e-01  5.55273792e-01
  620  5.63654767e-01  8.84869753e-01  6845.7  1.44852452e+00  1.17064756e-01  5.48473788e-01
  621  5.88289784e-01  8.62761644e-01  6674.6  1.45105143e+00  1.09921121e-01  5.91920942e-01
  622  6.06685523e-01  8.48913840e-01  6567.5  1.45559936e+00  1.09176929e-01  6.09869207e-01
  623  5.71486735e-01  8.81418917e-01  6819.0  1.45290565e+00  1.06497703e-01  5.23836681e-01
  624  5.09147643e-01  9.39293417e-01  7266.7  1.44844106e+00  9.97542242e-02  3.76939580e-01
  625  4.72730390e-01  9.75129917e-01  7543.9  1.44786031e+00  9.43372380e-02  3.12388969e-01
  626  4.73793894e-01  9.75182546e-01  7544.4  1.44897644e+00  9.59040840e-02  2.83220610e-01
  627  4.99803884e-01  9.50310067e-01  7351.9  1.45011395e+00  1.03478321e-01  2.95292896e-01
  628  5.36719585e-01  9.13840739e-01  7069.8  1.45056032e+00  1.11076389e-01  2.93404665e-01
  629  5.76759526e-01  8.74259737e-01  6763.6  1.45101926e+00  1.10782883e-01  3.32866578e-01
  630  6.13006994e-01  8.38630048e-01  6487.9  1.45163704e+00  1.05044590e-01  4.17793600e-01
  631  6.37727684e-01  8.14300099e-01  6299.7  1.45202778e+00  1.02520808e-01  4.79203857e-01
  632  6.45933111e-01  8.06257281e-01  6237.5  1.45219039e+00  1.07349634e-01  5.27651603e-01
  633  6.35633977e-01  8.16546151e-01  6317.1  1.45218013e+00  1.18565809e-01  5.59646590e-01
  634  6.07105527e-01  8.44904138e-01  6536.5  1.45200967e+00  1.31575012e-01  5.61754800e-01
  635  5.62269312e-01  8.89687304e-01  6882.9  1.45195662e+00  1.41190184e-01  5.52623897e-01
  636  5.01814102e-01  9.50308701e-01  7351.9  1.45212280e+00  1.47029604e-01  5.47282049e-01
  637  4.24557841e-01  1.02725678e+00  7947.2  1.45181463e+00  1.53392730e-01  5.08075777e-01
  638  3.34393589e-01  1.11627754e+00  8635.9  1.45067113e+00  1.58809021e-01  4.24507358e-01
  639  2.44144918e-01  1.20532550e+00  9324.8  1.44947041e+00  1.55105658e-01  3.74537848e-01
  640  1.72599389e-01  1.27319031e+00  9849.8  1.44578970e+00  1.49867871e-01  3.42237558e-01
  641  1.66721222e-01  1.27269831e+00  9846.0  1.43941953e+00  1.64710434e-01  5.10522068e-01
  642  3.01962340e-01  1.13511966e+00  8781.7  1.43708200e+00  2.14343683e-01  9.50344044e-01
  643  5.16252068e-01  9.62543741e-01  7446.6  1.47879581e+00  2.49845682e-01  9.74176302e-01
  644  4.01005418e-01  1.04863056e+00  8112.6  1.44963598e+00  2.55251334e-01  1.08948070e+00
  645  1.97994897e-01  1.23916848e+00  9586.6  1.43716338e+00  2.34197536e-01  8.07695448e-01
  646  1.43199552e-01  1.30248478e+00 10076.5  1.44568433e+00  2.31236677e-01  5.40992349e-01
  647  1.58632395e-01  1.29180036e+00  9993.8  1.45043275e+00  2.69128908e-01  6.97878385e-01
  648  1.88792783e-01  1.26063652e+00  9752.7  1.44942930e+00  3.16315122e-01  6.84441543e-01
  649  2.30623377e-01  1.22026998e+00  9440.4  1.45089335e+00  3.28694398e-01  5.90465786e-01
  650  2.69533172e-01  1.18183441e+00  9143.1  1.45136758e+00  3.02552639e-01  6.51771693e-01
  651  2.97674075e-01  1.15409855e+00  8928.5  1.45177263e+00  2.54504120e-01  6.74005028e-01
  652  3.12301647e-01  1.13918779e+00  8813.2  1.45148944e+00  2.03116194e-01  5.60507334e-01
  653  3.19837606e-01  1.12955017e+00  8738.6  1.44938778e+00  1.64581378e-01  4.55003147e-01
  654  3.43354053e-01  1.10523253e+00  8550.5  1.44858658e+00  1.43947531e-01  4.58231964e-01
  655  3.90680650e-01  1.06088729e+00  8207.4  1.45156794e+00  1.35953987e-01  5.20641481e-01
  656  4.28659844e-01  1.02558157e+00  7934.3  1.45424142e+00  1.29616999e-01  5.23591286e-01
  657  4.30417882e-01  1.02097780e+00  7898.6  1.45139568e+00  1.17182774e-01  4.09036206e-01
  658  4.26683884e-01  1.02126786e+00  7900.9  1.44795174e+00  1.02834231e-01  3.15952394e-01
  659  4.57380235e-01  9.90226336e-01  7660.7  1.44760657e+00  9.66364154e-02  2.91755784e-01
  660  5.27612495e-01  9.21559579e-01  7129.5  1.44917207e+00  1.04241683e-01  2.98600451e-01
  661  6.18909237e-01  8.31572072e-01  6433.3  1.45048131e+00  1.22244038e-01  2.97348461e-01
  662  7.12912866e-01  7.38459787e-01  5713.0  1.45137265e+00  1.39613361e-01  2.57150066e-01
  663  7.95554306e-01  6.56711207e-01  5080.5  1.45226551e+00  1.50192499e-01  3.18044745e-01
  664  8.54114567e-01  5.98748453e-01  4632.1  1.45286302e+00  1.58034709e-01  4.07250854e-01
  665  8.79433785e-01  5.73785847e-01  4439.0  1.45321963e+00  1.67538935e-01  4.83894716e-01
  666  8.65671867e-01  5.87693131e-01  4546.6  1.45336500e+00  1.80140299e-01  5.44563839e-01
  667  8.10130814e-01  6.43033083e-01  4974.7  1.45316390e+00  1.94728206e-01  5.77710991e-01
  668  7.15023452e-01  7.37486043e-01  5705.4  1.45250950e+00  2.07311726e-01  5.92755211e-01
  669  5.88930032e-01  8.62704340e-01  6674.2  1.45163437e+00  2.13442739e-01  6.25892199e-01
  670  4.44327977e-01  1.00669021e+00  7788.1  1.45101819e+00  2.13568596e-01  6.39289170e-01
  671  2.91939892e-01  1.15874401e+00  8964.4  1.45068390e+00  2.09446180e-01  5.60791357e-01
  672  1.41744985e-01  1.30684264e+00 10110.2  1.44858763e+00  1.98783318e-01  4.63844007e-01
  673  2.13437074e-02  1.42381869e+00 11015.2  1.44516240e+00  1.81729749e-01  4.40687253e-01
  674 -2.37190809e-02  1.46516253e+00 11335.0  1.44144345e+00  1.85066560e-01  6.31259127e-01
  675  5.00976434e-02  1.39105606e+00 10761.7  1.44115370e+00  2.31475713e-01  1.15494622e+00
  676  1.98785569e-01  1.27258846e+00  9845.2  1.47137403e+00  2.72541028e-01  1.20616787e+00
  677  1.24150654e-01  1.32888351e+00 10280.7  1.45303416e+00  2.82519286e-01  1.23461472e+00
  678 -3.03321886e-02  1.47100902e+00 11380.2  1.44067683e+00  2.59848201e-01  1.02487675e+00
  679 -6.51915225e-02  1.51179859e+00 11695.8  1.44660707e+00  2.50055623e-01  7.05461018e-01
  680 -3.50258699e-02  1.48597602e+00 11496.0  1.45095015e+00  2.82006162e-01  8.38417017e-01
  681  1.37265142e-02  1.43589479e+00 11108.6  1.44962131e+00  3.11396696e-01  9.77068369e-01
  682  8.67012967e-02  1.36226683e+00 10539.0  1.44896813e+00  3.07812626e-01  8.11682185e-01
  683  1.87329280e-01  1.26378659e+00  9777.1  1.45111587e+00  2.64877129e-01  6.96312190e-01
  684  2.91031227e-01  1.16104018e+00  8982.2  1.45207140e+00  2.12705832e-01  5.82755168e-01
  685  3.84720212e-01  1.06700984e+00  8254.8  1.45173006e+00  1.65381857e-01  5.11356828e-01
  686  4.71168071e-01  9.80061473e-01  7582.1  1.45122954e+00  1.26826171e-01  4.94891554e-01
  687  5.57004273e-01  8.94574602e-01  6920.7  1.45157887e+00  1.00013924e-01  4.83846417e-01
  688  6.38784918e-01  8.14510997e-01  6301.3  1.45329592e+00  8.30825324e-02  4.64118823e-01
  689  6.97746605e-01  7.56418427e-01  5851.9  1.45416503e+00  7.22941509e-02  4.15208189e-01
  690  7.25204558e-01  7.27073755e-01  5624.9  1.45227831e+00  6.48549616e-02  3.40789107e-01
  691  7.43189511e-01  7.06772025e-01  5467.8  1.44996154e+00  5.93859678e-02  3.09548941e-01
  692  7.79982237e-01  6.69247588e-01  5177.5  1.44922983e+00  5.71044140e-02  3.43198609e-01
  693  8.44783221e-01  6.05101292e-01  4681.3  1.44988451e+00  6.17595090e-02  4.05245065e-01
  694  9.29011232e-01  5.21874246e-01  4037.4  1.45088548e+00  7.31451085e-02  4.55027722e-01
  695  1.01894420e+00  4.32716685e-01  3347.6  1.45166088e+00  8.56534464e-02  4.30322578e-01
  696  1.10311405e+00  3.49147956e-01  2701.1  1.45226200e+00  9.42738206e-02  3.54579791e-01
  697  1.17271190e+00  2.79979749e-01  2166.0  1.45269165e+00  9.86263487e-02  2.94044003e-01
  698  1.22154321e+00  2.31387945e-01  1790.1  1.45293116e+00  1.01016940e-01  2.63600702e-01
  699  1.24605167e+00  2.06995917e-01  1601.4  1.45304758e+00  1.03474735e-01  2.50429236e-01
  700  1.24441293e+00  2.08709859e-01  1614.7  1.45312279e+00  1.07024545e-01  2.45660736e-01
  701  1.21539279e+00  2.37832679e-01  1840.0  1.45322547e+00  1.12031040e-01  2.44850530e-01
  702  1.15737697e+00  2.96030422e-01  2290.2  1.45340740e+00  1.18567109e-01  2.44497208e-01
  703  1.06771664e+00  3.85917680e-01  2985.6  1.45363431e+00  1.26645136e-01  2.40054514e-01
  704  9.43175282e-01  5.10582916e-01  3950.0  1.45375820e+00  1.36212049e-01  2.35606274e-01
  705  7.82229916e-01  6.71159031e-01  5192.3  1.45338895e+00  1.46598192e-01  2.81008058e-01
  706  5.89413762e-01  8.63093857e-01  6677.2  1.45250762e+00  1.56502206e-01  4.03488086e-01
  707  3.76359987e-01  1.07465666e+00  8313.9  1.45101665e+00  1.68285586e-01  4.57010538e-01
  708  1.66948043e-01  1.27947730e+00  9898.5  1.44642535e+00  1.86541637e-01  4.23184098e-01
  709  1.53328115e-02  1.42767359e+00 11045.0  1.44300640e+00  2.11695137e-01  5.64111527e-01
  710 -3.89044536e-02  1.48439928e+00 11483.8  1.44549483e+00  2.55637303e-01  9.84287601e-01
  711 -3.68035088e-03  1.44212230e+00 11156.8  1.43844195e+00  2.95168081e-01  1.25481960e+00
  712  1.72092524e-01  1.26841547e+00  9812.9  1.44050799e+00  3.15356691e-01  1.57169802e+00
  713  3.69513731e-01  1.08882983e+00  8423.6  1.45834356e+00  3.37011481e-01  1.96342488e+00
  714  3.00356430e-01  1.14365091e+00  8847.7  1.44400734e+00  3.71772708e-01  2.39252837e+00
  715  1.18027807e-01  1.31758239e+00 10193.3  1.43561020e+00  3.49012037e-01  1.94336925e+00
  716  6.15751161e-02  1.38528937e+00 10717.1  1.44686448e+00  3.11928830e-01  1.29229136e+00
  717  4.96064556e-02  1.40040357e+00 10834.0  1.45001003e+00  3.07241712e-01  1.46763127e+00
  718  5.10823345e-02  1.39924010e+00 10825.0  1.45032244e+00  3.05572505e-01  1.35015348e+00
  719  8.15337161e-02  1.36636015e+00 10570.6  1.44789386e+00  2.67689908e-01  9.35317191e-01
  720  1.77257517e-01  1.27045130e+00  9828.7  1.44770882e+00  2.10687641e-01  5.66463496e-01
  721  3.40689547e-01  1.10936000e+00  8582.4  1.45004955e+00  1.68624571e-01  4.88238298e-01
  722  5.42235762e-01  9.11136978e-01  7048.9  1.45337274e+00  1.39424334e-01  5.44783325e-01
  723  7.41166242e-01  7.14070410e-01  5524.3  1.45523665e+00  1.22905156e-01  5.31148549e-01
  724  9.12932417e-01  5.42805718e-01  4199.3  1.45573813e+00  1.16191407e-01  4.51855810e-01
  725  1.05029805e+00  4.05343581e-01  3135.9  1.45564163e+00  1.12656354e-01  3.70240931e-01
  726  1.15409996e+00  3.01329774e-01  2331.2  1.45542973e+00  1.08926685e-01  3.17699830e-01
  727  1.22701272e+00  2.28247856e-01  1765.8  1.45526058e+00  1.04791596e-01  2.90640397e-01
  728  1.27132431e+00  1.83824000e-01  1422.1  1.45514831e+00  1.01017703e-01  2.76467849e-01
  729  1.28864217e+00  1.66428461e-01  1287.5  1.45507064e+00  9.82767946e-02  2.69142826e-01
  730  1.28014741e+00  1.74851175e-01  1352.7  1.45499858e+00  9.69400629e-02  2.67434203e-01
  731  1.24697694e+00  2.07922554e-01  1608.6  1.45489949e+00  9.70847240e-02  2.72534313e-01
  732  1.19068528e+00  2.64044669e-01  2042.7  1.45472994e+00  9.84354982e-02  2.88120006e-01
  733  1.11386357e+00  3.40570403e-01  2634.8  1.45443397e+00  1.00172302e-01  3.20947570e-01
  734  1.02090507e+00  4.33067155e-01  3350.4  1.45397222e+00  1.00777372e-01  3.74661877e-01
  735  9.18505527e-01  5.34881027e-01  4138.0  1.45338655e+00  9.84971254e-02  4.30918495e-01
  736  8.15071160e-01  6.37780805e-01  4934.1  1.45285197e+00  9.28431577e-02  4.51070103e-01
  737  7.18403406e-01  7.34245795e-01  5680.4  1.45264920e+00  8.61052405e-02  4.22563752e-01
  738  6.32193228e-01  8.20758462e-01  6349.7  1.45295169e+00  8.25792402e-02  3.75787154e-01
  739  5.53773557e-01  8.99863261e-01  6961.7  1.45363682e+00  8.53968742e-02  3.37643952e-01
  740  4.75287433e-01  9.79067600e-01  7574.4  1.45435503e+00  9.57291525e-02  3.24113455e-01
  741  3.87891536e-01  1.06672168e+00  8252.5  1.45461322e+00  1.14906515e-01  3.48288526e-01
  742  2.88068406e-01  1.16580544e+00  9019.1  1.45387385e+00  1.43500238e-01  3.79230044e-01
  743  1.83364616e-01  1.26932198e+00  9819.9  1.45268660e+00  1.78598901e-01  4.01274316e-01
  744  8.70401465e-02  1.36512610e+00 10561.1  1.45216624e+00  2.18337418e-01  5.02987489e-01
  745  8.47110394e-03  1.44316417e+00 11164.8  1.45163527e+00  2.59709751e-01  6.52875171e-01
  746 -4.59045813e-02  1.49872025e+00 11594.6  1.45281567e+00  2.81039990e-01  8.57167885e-01
  747 -8.51160129e-02  1.53782957e+00 11897.2  1.45271356e+00  2.71618690e-01  9.90362747e-01
  748 -1.02236973e-01  1.55011472e+00 11992.2  1.44787775e+00  2.56049953e-01  8.71573724e-01
  749 -3.81776092e-02  1.46926908e+00 11366.8  1.43109147e+00  2.89030858e-01  1.20140388e+00
  750  3.65036820e-01  1.05365062e+00  8151.4  1.41868744e+00  3.17424209e-01  2.00222222e+00
  751  7.37713853e-01  7.76926899e-01  6010.6  1.51464075e+00  2.99880481e-01  2.78238929e+00
  752  2.21559563e-01  1.16240672e+00  8992.8  1.38396628e+00  2.94732066e-01  1.28353543e+00
  753 -2.69179809e-02  1.44745532e+00 11198.0  1.42053733e+00  2.17769211e-01  8.98296457e-01
  754 -2.79047435e-02  1.45665062e+00 11269.2  1.42874588e+00  1.81958149e-01  4.61315699e-01
  755  7.65474727e-02  1.35571595e+00 10488.3  1.43226342e+00  1.83644013e-01  4.42886953e-01
  756  2.34253213e-01  1.20121367e+00  9293.0  1.43546688e+00  1.79032497e-01  4.82309794e-01
  757  4.06028948e-01  1.03174526e+00  7981.9  1.43777421e+00  1.60148651e-01  6.00848144e-01
  758  5.63384928e-01  8.75335918e-01  6771.9  1.43872085e+00  1.33801059e-01  6.51312819e-01
  759  6.92527172e-01  7.46469336e-01  5774.9  1.43899651e+00  1.03180317e-01  6.42824609e-01
  760  7.90800190e-01  6.47720432e-01  5011.0  1.43852062e+00  7.49271393e-02  5.69273935e-01
  761  8.66126809e-01  5.71522878e-01  4421.5  1.43764969e+00  5.75302519e-02  4.38969200e-01
  762  9.30324557e-01  5.06787606e-01  3920.7  1.43711216e+00  5.05613775e-02  3.11799513e-01
  763  9.89783131e-01  4.47310527e-01  3460.5  1.43709366e+00  4.75071896e-02  2.41005117e-01
  764  1.04369385e+00  3.93609525e-01  3045.1  1.43730337e+00  4.50206712e-02  2.27025060e-01
  765  1.08814087e+00  3.49332243e-01  2702.6  1.43747312e+00  4.23562274e-02  2.49701019e-01
  766  1.11987545e+00  3.17651561e-01  2457.5  1.43752702e+00  3.96506444e-02  2.91705581e-01
  767  1.13740346e+00  3.00120848e-01  2321.8  1.43752431e+00  3.73834081e-02  3.36335107e-01
  768  1.14045337e+00  2.97023847e-01  2297.9  1.43747722e+00  3.59734268e-02  3.74241875e-01
  769  1.12955309e+00  3.07845821e-01  2381.6  1.43739891e+00  3.57154173e-02  4.03721116e-01
  770  1.10584513e+00  3.31428422e-01  2564.0  1.43727356e+00  3.68899284e-02  4.25383139e-01
  771  1.07123518e+00  3.65854238e-01  2830.4  1.43708942e+00  3.97786110e-02  4.39278872e-01
  772  1.02851702e+00  4.08339139e-01  3159.1  1.43685616e+00  4.44298487e-02  4.44363836e-01
  773  9.81213033e-01  4.55406696e-01  3523.2  1.43661973e+00  5.03378008e-02  4.39690740e-01
  774  9.32949914e-01  5.03502821e-01  3895.3  1.43645274e+00  5.64048493e-02  4.27320336e-01
  775  8.86511316e-01  5.49887999e-01  4254.1  1.43639931e+00  6.14104596e-02  4.13758379e-01
  776  8.43185058e-01  5.93257408e-01  4589.6  1.43644247e+00  6.47165600e-02  4.05269453e-01
  777  8.02766074e-01  6.33792389e-01  4903.2  1.43655846e+00  6.67248036e-02  4.01040195e-01
  778  7.63693244e-01  6.73099774e-01  5207.3  1.43679302e+00  6.89003428e-02  3.94186438e-01
  779  7.22478263e-01  7.14743482e-01  5529.5  1.43722175e+00  7.34532915e-02  3.83305158e-01
  780  6.72822126e-01  7.65028954e-01  5918.5  1.43785108e+00  8.31994733e-02  3.82869342e-01
  781  6.05744658e-01  8.32733215e-01  6442.3  1.43847787e+00  1.01890259e-01  4.13758083e-01
  782  5.12417438e-01  9.26129938e-01  7164.9  1.43854738e+00  1.32634480e-01  4.72546054e-01
  783  3.91093033e-01  1.04647702e+00  8095.9  1.43757005e+00  1.73284182e-01  5.14107556e-01
  784  2.52399596e-01  1.18385386e+00  9158.7  1.43625346e+00  2.16319569e-01  5.63034942e-01
  785  1.14776370e-01  1.31948305e+00 10208.0  1.43425942e+00  2.60086357e-01  6.54569566e-01
  786  4.62726878e-03  1.42841735e+00 11050.7  1.43304462e+00  2.88731570e-01  8.01302623e-01
  787 -6.69515276e-02  1.50332894e+00 11630.3  1.43637741e+00  2.80380524e-01  9.24362323e-01
  788 -1.16171497e-01  1.54716382e+00 11969.4  1.43099233e+00  2.52182537e-01  9.85018938e-01
  789 -9.37677069e-02  1.51472037e+00 11718.4  1.42095266e+00  2.71705898e-01  1.11814936e+00
  790  2.83640023e-01  1.04758997e+00  8104.5  1.33123000e+00  3.21443233e-01  2.02952598e+00
  791  1.15325444e+00  3.26200415e-01  2523.6  1.47945486e+00  3.72886351e-01  2.62921737e+00
  792  1.25707277e+00  2.13714791e-01  1653.4  1.47078756e+00  3.84639916e-01  2.56865341e+00
  793  5.49912511e-01  8.49444351e-01  6571.6  1.39935686e+00  3.28196652e-01  2.72270294e+00
  794 -6.29626681e-02  1.47834568e+00 11437.0  1.41538301e+00  2.83897380e-01  1.02091621e+00
  795 -1.06231735e-01  1.54806653e+00 11976.4  1.44183480e+00  2.55066186e-01  7.93234660e-01
  796 -9.70757918e-03  1.45328949e+00 11243.2  1.44358191e+00  2.85155546e-01  1.18129155e+00
  797  1.74704494e-01  1.27553978e+00  9868.0  1.45024428e+00  3.10484257e-01  1.31729234e+00
  798  3.39914716e-01  1.11978974e+00  8663.1  1.45970446e+00  2.88901418e-01  1.27569936e+00
  799  3.86227133e-01  1.06430885e+00  8233.9  1.45053599e+00  2.33808475e-01  1.02786629e+00
  800  4.17413454e-01  1.02745014e+00  7948.7  1.44486359e+00  1.72670565e-01  6.73031596e-01
  801  5.13352855e-01  9.34427807e-01  7229.1  1.44778066e+00  1.25969926e-01  5.28095000e-01
  802  6.49705425e-01  8.01651163e-01  6201.9  1.45135659e+00  9.98874289e-02  4.85163441e-01
  803  7.83734787e-01  6.68953459e-01  5175.3  1.45268825e+00  9.52257288e-02  4.56131226e-01
  804  8.96663855e-01  5.56105479e-01  4302.2  1.45276933e+00  1.02273891e-01  4.13106702e-01
  805  9.85819511e-01  4.66865635e-01  3611.8  1.45268515e+00  1.10433951e-01  3.37805926e-01
  806  1.05157104e+00  4.01180503e-01  3103.7  1.45275155e+00  1.15324400e-01  2.73265678e-01
  807  1.09313924e+00  3.59692079e-01  2782.7  1.45283132e+00  1.17608364e-01  2.40057011e-01
  808  1.10970903e+00  3.43129272e-01  2654.6  1.45283830e+00  1.19146777e-01  2.26993003e-01
  809  1.10145342e+00  3.51292356e-01  2717.7  1.45274577e+00  1.20986347e-01  2.28170229e-01
  810  1.06992167e+00  3.82579996e-01  2959.8  1.45250166e+00  1.22875276e-01  2.44557396e-01
  811  1.01872523e+00  4.33314038e-01  3352.3  1.45203927e+00  1.22894174e-01  2.86916629e-01
  812  9.54354239e-01  4.97046692e-01  3845.3  1.45140093e+00  1.17618045e-01  3.68146700e-01
  813  8.85661881e-01  5.65145480e-01  4372.2  1.45080736e+00  1.04847189e-01  4.44679359e-01
  814  8.21452417e-01  6.28891431e-01  4865.3  1.45034385e+00  8.77662318e-02  4.46051207e-01
  815  7.69095344e-01  6.80900952e-01  5267.7  1.44999630e+00  7.30933062e-02  3.93174802e-01
  816  7.33832406e-01  7.16291565e-01  5541.5  1.45012397e+00  6.45647843e-02  3.43390343e-01
  817  7.14502257e-01  7.36625266e-01  5698.8  1.45112752e+00  6.15428736e-02  3.27639359e-01
  818  6.99296653e-01  7.53282472e-01  5827.7  1.45257912e+00  6.33225519e-02  3.59086270e-01
  819  6.71437412e-01  7.81753749e-01  6047.9  1.45319116e+00  7.14774303e-02  4.16856464e-01
  820  6.22870605e-01  8.29928662e-01  6420.6  1.45279927e+00  8.87507500e-02  4.78764117e-01
  821  5.55869274e-01  8.96455628e-01  6935.3  1.45232490e+00  1.17624297e-01  5.24217844e-01
  822  4.73751346e-01  9.78307802e-01  7568.5  1.45205915e+00  1.56973980e-01  5.50392150e-01
  823  3.77494181e-01  1.07479381e+00  8315.0  1.45228799e+00  2.01482490e-01  6.08828662e-01
  824  2.65519173e-01  1.18629749e+00  9177.6  1.45181667e+00  2.49408596e-01  7.01984915e-01
  825  1.45796688e-01  1.30378510e+00 10086.5  1.44958178e+00  2.93942285e-01  7.45793670e-01
  826  4.65385235e-02  1.40108447e+00 10839.3  1.44762299e+00  3.05214591e-01  8.58566331e-01
  827 -1.29430161e-02  1.46229354e+00 11312.8  1.44935052e+00  2.82476246e-01  7.67888155e-01
  828 -3.24588296e-02  1.47653039e+00 11423.0  1.44407156e+00  2.71118073e-01  7.39873716e-01
  829  4.89216547e-02  1.38337807e+00 10702.3  1.43229972e+00  3.01014362e-01  1.28557599e+00
  830  2.83509748e-01  1.19864446e+00  9273.1  1.48215420e+00  3.05250237e-01  1.48814741e+00
  831  1.90363828e-01  1.25951654e+00  9744.1  1.44988037e+00  2.81860647e-01  1.21749005e+00
  832 -1.83231790e-02  1.45408873e+00 11249.3  1.43576555e+00  2.24581052e-01  9.87546476e-01
  833 -4.14961920e-02  1.48184291e+00 11464.1  1.44034672e+00  1.94635915e-01  7.37382916e-01
  834  7.25934624e-02  1.37277756e+00 10620.3  1.44537103e+00  2.12122207e-01  1.05549425e+00
  835  2.48689672e-01  1.20594310e+00  9329.6  1.45463277e+00  2.33036332e-01  1.02636022e+00
  836  3.69526310e-01  1.08668798e+00  8407.0  1.45621429e+00  2.17317406e-01  9.41498995e-01
  837  4.19107682e-01  1.02879854e+00  7959.1  1.44790622e+00  1.78655670e-01  7.33814280e-01
  838  4.95951653e-01  9.49992214e-01  7349.5  1.44594387e+00  1.47156683e-01  5.61582004e-01
  839  6.30787048e-01  8.17728581e-01  6326.2  1.44851563e+00  1.32626401e-01  5.76539255e-01
  840  7.92290247e-01  6.59327787e-01  5100.8  1.45161803e+00  1.31642339e-01  6.66008000e-01
  841  9.41144761e-01  5.11838646e-01  3959.8  1.45298341e+00  1.36990619e-01  6.71856525e-01
  842  1.05775750e+00  3.95620600e-01  3060.7  1.45337810e+00  1.41813999e-01  5.89543760e-01
  843  1.13575281e+00  3.17813018e-01  2458.7  1.45356583e+00  1.44405019e-01  5.01344149e-01
  844  1.17248614e+00  2.81168621e-01  2175.2  1.45365476e+00  1.46191773e-01  4.41462073e-01
  845  1.16682211e+00  2.86843739e-01  2219.1  1.45366585e+00  1.48451323e-01  4.03617877e-01
  846  1.11868670e+00  3.34940683e-01  2591.2  1.45362739e+00  1.51608575e-01  3.79199897e-01
  847  1.02879652e+00  4.24651050e-01  3285.2  1.45344757e+00  1.55735804e-01  3.61862429e-01
  848  8.99992655e-01  5.52829990e-01  4276.9  1.45282264e+00  1.59798453e-01  3.41028666e-01
  849  7.41072926e-01  7.10451108e-01  5496.3  1.45152403e+00  1.57979875e-01  3.47775388e-01
  850  5.68527912e-01  8.82003701e-01  6823.5  1.45053161e+00  1.43702568e-01  4.17301278e-01
  851  3.99012737e-01  1.04934036e+00  8118.1  1.44835309e+00  1.32520013e-01  3.72299444e-01
  852  2.65457993e-01  1.17750771e+00  9109.6  1.44296570e+00  1.42443698e-01  3.85721852e-01
  853  2.28856861e-01  1.21136534e+00  9371.5  1.44022220e+00  1.79633905e-01  7.50233598e-01
  854  2.97815377e-01  1.15811511e+00  8959.6  1.45593049e+00  2.28026641e-01  1.10845791e+00
  855  2.68267578e-01  1.19715984e+00  9261.6  1.46542742e+00  2.48117064e-01  1.18734634e+00
  856  6.26952618e-02  1.37878350e+00 10666.7  1.44147876e+00  2.39317990e-01  1.18486939e+00
  857 -7.05298443e-02  1.51327911e+00 11707.3  1.44274927e+00  2.21409244e-01  7.70021140e-01
  858 -9.76871792e-02  1.54574330e+00 11958.4  1.44805612e+00  2.29054272e-01  6.07629057e-01
  859 -7.77370476e-02  1.52974483e+00 11834.6  1.45200779e+00  2.57257681e-01  8.26468106e-01
  860 -5.85080116e-02  1.51210843e+00 11698.2  1.45360042e+00  2.70348017e-01  8.24326167e-01
  861 -5.58723841e-02  1.50688130e+00 11657.8  1.45100892e+00  2.50629684e-01  7.00002286e-01
  862 -4.54230962e-02  1.49408884e+00 11558.8  1.44866575e+00  2.14524231e-01  5.70597169e-01
  863  2.03283606e-04  1.44712731e+00 11195.5  1.44733059e+00  1.85681629e-01  4.69254412e-01
  864  9.48674863e-02  1.35286074e+00 10466.2  1.44772822e+00  1.68397215e-01  4.51596814e-01
  865  2.30882096e-01  1.21946707e+00  9434.2  1.45034916e+00  1.56119215e-01  5.16683576e-01
  866  3.75482519e-01  1.07802131e+00  8339.9  1.45350383e+00  1.40368307e-01  5.45475255e-01
  867  4.92013064e-01  9.61682880e-01  7439.9  1.45369594e+00  1.16205194e-01  4.98536437e-01
  868  5.78159887e-01  8.73017251e-01  6754.0  1.45117714e+00  8.92371882e-02  4.15244517e-01
  869  6.63254170e-01  7.86269420e-01  6082.9  1.44952359e+00  6.90730572e-02  3.64323915e-01
  870  7.67956515e-01  6.81769175e-01  5274.4  1.44972569e+00  6.03438714e-02  3.57841707e-01
  871  8.89672214e-01  5.61165943e-01  4341.4  1.45083816e+00  6.18935427e-02  3.98928122e-01
  872  1.01390720e+00  4.37855775e-01  3387.4  1.45176297e+00  6.85465144e-02  4.49930209e-01
  873  1.12786963e+00  3.24389323e-01  2509.6  1.45225895e+00  7.55190511e-02  4.51421886e-01
  874  1.22399068e+00  2.28568806e-01  1768.3  1.45255949e+00  8.03998547e-02  4.08475046e-01
  875  1.29761514e+00  1.55147552e-01  1200.3  1.45276269e+00  8.30737559e-02  3.62617947e-01
  876  1.34562876e+00  1.07255190e-01   829.8  1.45288395e+00  8.46421809e-02  3.34299381e-01
  877  1.36612904e+00  8.68204744e-02   671.7  1.45294951e+00  8.61112849e-02  3.23855724e-01
  878  1.35806206e+00  9.49223206e-02   734.4  1.45298439e+00  8.79336035e-02  3.28263292e-01
  879  1.32087682e+00  1.32123946e-01  1022.2  1.45300076e+00  9.00046350e-02  3.48014488e-01
  880  1.25434690e+00  1.98656442e-01  1536.9  1.45300334e+00  9.16754506e-02  3.86432221e-01
  881  1.15849727e+00  2.94498504e-01  2278.3  1.45299578e+00  9.18971986e-02  4.39964274e-01
  882  1.03361104e+00  4.19318783e-01  3244.0  1.45292983e+00  9.01261951e-02  4.85443168e-01
  883  8.81182884e-01  5.71247051e-01  4419.4  1.45242994e+00  8.86125500e-02  5.03176880e-01
  884  7.08679219e-01  7.42151581e-01  5741.5  1.45083080e+00  9.53646248e-02  5.06744557e-01
  885  5.37614546e-01  9.10328478e-01  7042.6  1.44794302e+00  1.19922977e-01  5.24423997e-01
  886  4.03483741e-01  1.04240068e+00  8064.4  1.44588442e+00  1.63797093e-01  6.21611759e-01
  887  3.25417849e-01  1.12374358e+00  8693.7  1.44916143e+00  2.22504432e-01  9.19562272e-01
  888  2.53762504e-01  1.20129382e+00  9293.6  1.45505632e+00  2.76902914e-01  1.16544236e+00
  889  1.17496686e-01  1.33279845e+00 10311.0  1.45029514e+00  2.99345163e-01  1.29875129e+00
  890 -3.13501827e-02  1.47664435e+00 11423.8  1.44529417e+00  2.85826031e-01  1.19858019e+00
  891 -1.13777654e-01  1.55878285e+00 12059.3  1.44500520e+00  2.67937819e-01  9.25093458e-01
  892 -1.15421209e-01  1.56100428e+00 12076.5  1.44558307e+00  2.82377821e-01  1.02117304e+00
  893 -4.12300335e-02  1.48834021e+00 11514.3  1.44711018e+00  3.08168775e-01  1.29441376e+00
  894  4.97422272e-02  1.41087362e+00 10915.0  1.46061584e+00  3.15417494e-01  1.21647970e+00
  895  4.20552555e-02  1.40701480e+00 10885.2  1.44907006e+00  3.14761726e-01  1.12351298e+00
  896  2.70916149e-02  1.42332681e+00 11011.4  1.45041842e+00  3.00630041e-01  1.13860025e+00
  897  1.60028528e-02  1.43513408e+00 11102.7  1.45113693e+00  2.71840142e-01  1.13001572e+00
  898  8.53816817e-03  1.43772109e+00 11122.7  1.44625925e+00  2.29807045e-01  1.03858911e+00
  899  6.41915168e-02  1.37913148e+00 10669.4  1.44332300e+00  1.91814000e-01  5.85656248e-01
  900  2.13675518e-01  1.23304789e+00  9539.3  1.44672341e+00  1.69970890e-01  3.91459210e-01
  901  4.20413954e-01  1.02984284e+00  7967.2  1.45025680e+00  1.56419028e-01  4.77258340e-01
  902  6.40178970e-01  8.11419609e-01  6277.4  1.45159858e+00  1.52538389e-01  5.14070068e-01
  903  8.50666780e-01  6.02159722e-01  4658.5  1.45282650e+00  1.50332125e-01  4.35036736e-01
  904  1.03556160e+00  4.18044474e-01  3234.1  1.45360607e+00  1.44396448e-01  3.60505107e-01
  905  1.18477334e+00  2.69062223e-01  2081.6  1.45383556e+00  1.36904003e-01  3.23292310e-01
  906  1.29537852e+00  1.58412353e-01  1225.5  1.45379087e+00  1.30433072e-01  3.06917034e-01
  907  1.36817025e+00  8.55255863e-02   661.7  1.45369584e+00  1.25992144e-01  3.00134679e-01
  908  1.40463968e+00  4.89982908e-02   379.1  1.45363797e+00  1.23793217e-01  2.97522424e-01
  909  1.40571053e+00  4.79238718e-02   370.8  1.45363440e+00  1.23853532e-01  2.96851780e-01
  910  1.37143975e+00  8.22477907e-02   636.3  1.45368754e+00  1.26173441e-01  2.98019012e-01
  911  1.30097720e+00  1.52812543e-01  1182.2  1.45378974e+00  1.30763131e-01  3.02993584e-01
  912  1.19272805e+00  2.61142172e-01  2020.3  1.45387022e+00  1.37583475e-01  3.15777956e-01
  913  1.04539933e+00  4.08310827e-01  3158.8  1.45371015e+00  1.46198253e-01  3.41201447e-01
  914  8.60993233e-01  5.91982014e-01  4579.8  1.45297525e+00  1.54832650e-01  3.88378067e-01
  915  6.49005409e-01  8.02679482e-01  6209.8  1.45168489e+00  1.59959920e-01  4.56551074e-01
  916  4.25757872e-01  1.02501160e+00  7929.8  1.45076947e+00  1.61557110e-01  4.60271479e-01
  917  2.08155906e-01  1.23978347e+00  9591.4  1.44793938e+00  1.67624896e-01  3.89061361e-01
  918  3.45737231e-02  1.40913710e+00 10901.6  1.44371082e+00  1.76118041e-01  4.35389640e-01
  919 -4.96958411e-02  1.49566817e+00 11571.0  1.44597233e+00  1.98019246e-01  7.08374335e-01
  920 -6.12650038e-02  1.51009035e+00 11682.6  1.44882534e+00  2.47243027e-01  8.65792393e-01
  921 -2.37705464e-02  1.46844657e+00 11360.4  1.44467603e+00  2.97326837e-01  1.01986927e+00
  922  8.41097446e-02  1.37189757e+00 10613.5  1.45600731e+00  3.17886300e-01  1.18408902e+00
  923  1.08957175e-01  1.35875376e+00 10511.8  1.46771094e+00  3.17531950e-01  1.27585937e+00
  924 -4.61625524e-02  1.48566309e+00 11493.6  1.43950054e+00  3.07906448e-01  1.30309549e+00
  925 -1.24452174e-01  1.56902324e+00 12138.5  1.44457106e+00  2.80083055e-01  9.85871533e-01
  926 -1.09510784e-01  1.55307152e+00 12015.1  1.44356074e+00  2.69034859e-01  9.79501930e-01
  927  3.51668731e-03  1.43663765e+00 11114.3  1.44015434e+00  2.97490749e-01  1.30062524e+00
  928  2.24436761e-01  1.22612101e+00  9485.7  1.45055777e+00  3.10567317e-01  1.37028073e+00
  929  3.86667449e-01  1.07290527e+00  8300.4  1.45957272e+00  2.84635993e-01  1.17103318e+00
  930  3.89280346e-01  1.05621684e+00  8171.3  1.44549719e+00  2.27390319e-01  1.00060337e+00
  931  4.08945271e-01  1.03363378e+00  7996.6  1.44257905e+00  1.59308340e-01  6.38717856e-01
  932  5.16655185e-01  9.30316002e-01  7197.2  1.44697119e+00  1.10947424e-01  4.79791441e-01
  933  6.71237758e-01  7.79189538e-01  6028.1  1.45042730e+00  8.93540695e-02  4.35226676e-01
  934  8.29726867e-01  6.22093134e-01  4812.7  1.45182000e+00  9.00601343e-02  4.33948658e-01
  935  9.72440341e-01  4.79673947e-01  3710.9  1.45211429e+00  9.90866475e-02  4.02790941e-01
  936  1.09380522e+00  3.58453848e-01  2773.1  1.45225906e+00  1.05166056e-01  3.27018272e-01
  937  1.19124762e+00  2.61192734e-01  2020.7  1.45244036e+00  1.05979050e-01  2.73674934e-01
  938  1.26239015e+00  1.90141783e-01  1471.0  1.45253193e+00  1.04113093e-01  2.51543378e-01
  939  1.30603867e+00  1.46513953e-01  1133.5  1.45255262e+00  1.02117904e-01  2.42464901e-01
  940  1.32198934e+00  1.30556286e-01  1010.0  1.45254563e+00  1.01348510e-01  2.38022650e-01
  941  1.31042992e+00  1.42103334e-01  1099.4  1.45253326e+00  1.02454609e-01  2.36294866e-01
  942  1.27164632e+00  1.80860743e-01  1399.2  1.45250706e+00  1.05845820e-01  2.36259948e-01
  943  1.20612685e+00  2.46298704e-01  1905.5  1.45242555e+00  1.11739147e-01  2.35139968e-01
  944  1.11514383e+00  3.37049439e-01  2607.5  1.45219327e+00  1.19540105e-01  2.31250014e-01
  945  1.00207986e+00  4.49575808e-01  3478.1  1.45165567e+00  1.26403591e-01  2.39953483e-01
  946  8.74384799e-01  5.76391878e-01  4459.2  1.45077668e+00  1.26090811e-01  3.13897898e-01
  947  7.43682501e-01  7.06344495e-01  5464.5  1.45002700e+00  1.13293700e-01  4.09160746e-01
  948  6.20730324e-01  8.28950951e-01  6413.1  1.44968127e+00  9.56295773e-02  3.83389325e-01
  949  5.11807087e-01  9.37680007e-01  7254.2  1.44948709e+00  9.03774071e-02  3.12179728e-01
  950  4.20109827e-01  1.02947227e+00  7964.4  1.44958210e+00  1.02575778e-01  3.13108065e-01
  951  3.43536957e-01  1.10689194e+00  8563.3  1.45042890e+00  1.30219517e-01  4.63711191e-01
  952  2.69252969e-01  1.18277016e+00  9150.3  1.45202313e+00  1.68815430e-01  6.77203052e-01
  953  1.75851908e-01  1.27636911e+00  9874.4  1.45222102e+00  2.06298154e-01  8.44887553e-01
  954  6.40397400e-02  1.38505308e+00 10715.3  1.44909282e+00  2.36325486e-01  8.89646585e-01
  955 -2.88129548e-02  1.47653920e+00 11423.0  1.44772625e+00  2.54857113e-01  7.81376150e-01
  956 -8.46770127e-02  1.53481583e+00 11873.9  1.45013882e+00  2.58843401e-01  8.00437592e-01
  957 -1.20210358e-01  1.56936011e+00 12141.1  1.44914976e+00  2.50640380e-01  1.00978883e+00
  958 -1.24634561e-01  1.56992584e+00 12145.5  1.44529128e+00  2.49275423e-01  9.10263251e-01
  959 -4.35401611e-02  1.46792739e+00 11356.4  1.42438722e+00  2.91721049e-01  1.25696433e+00
  960  4.80056188e-01  9.04234361e-01  6995.5  1.38429055e+00  3.21837256e-01  2.35514750e+00
  961  1.17438342e+00  3.15697987e-01  2442.3  1.49008141e+00  3.06856553e-01  2.76541480e+00
  962  7.74090238e-01  6.65087863e-01  5145.4  1.43917810e+00  2.90757687e-01  2.63966250e+00
  963  1.02297966e-01  1.30792088e+00 10118.5  1.41021884e+00  2.80139702e-01  1.18590168e+00
  964  5.73007356e-03  1.43498734e+00 11101.6  1.44071741e+00  2.11013029e-01  5.69162355e-01
  965  7.48509705e-02  1.37305550e+00 10622.4  1.44790648e+00  2.01155385e-01  4.90094594e-01
  966  2.04329871e-01  1.24700199e+00  9647.2  1.45133186e+00  1.92136792e-01  4.50277517e-01
  967  3.48154629e-01  1.10452638e+00  8545.0  1.45268101e+00  1.67246325e-01  4.90659499e-01
  968  4.89338380e-01  9.62487686e-01  7446.1  1.45182607e+00  1.39326811e-01  5.48354823e-01
  969  6.36936783e-01  8.14078351e-01  6298.0  1.45101513e+00  1.13115552e-01  6.23502674e-01
  970  7.96776438e-01  6.56374313e-01  5077.9  1.45315075e+00  8.81731337e-02  6.91600010e-01
  971  9.37831012e-01  5.19360441e-01  4018.0  1.45719145e+00  6.92677436e-02  6.89570161e-01
  972  1.00843768e+00  4.48699588e-01  3471.3  1.45713727e+00  5.86667396e-02  5.91905041e-01
  973  1.01025720e+00  4.42596711e-01  3424.1  1.45285391e+00  5.22996408e-02  4.25711918e-01
  974  1.00010166e+00  4.50356150e-01  3484.1  1.45045781e+00  4.63399031e-02  2.78656172e-01
  975  1.01545639e+00  4.35028248e-01  3365.5  1.45048464e+00  4.02205296e-02  2.17544008e-01
  976  1.05851727e+00  3.93020247e-01  3040.5  1.45153751e+00  3.56574040e-02  1.97159012e-01
  977  1.11493907e+00  3.37685703e-01  2612.5  1.45262477e+00  3.26823178e-02  2.21559998e-01
  978  1.16911825e+00  2.84165310e-01  2198.4  1.45328357e+00  3.07120568e-02  2.96130737e-01
  979  1.21103089e+00  2.42552625e-01  1876.5  1.45358352e+00  3.08929865e-02  3.65988309e-01
  980  1.23577902e+00  2.17928146e-01  1686.0  1.45370716e+00  3.37022308e-02  4.06827143e-01
  981  1.24124832e+00  2.12486696e-01  1643.9  1.45373502e+00  3.82467953e-02  4.27455164e-01
  982  1.22690474e+00  2.26774008e-01  1754.4  1.45367875e+00  4.38218551e-02  4.40950625e-01
  983  1.19355692e+00  2.59971961e-01  2011.2  1.45352888e+00  5.02085532e-02  4.53726698e-01
  984  1.14345586e+00  3.09817863e-01  2396.9  1.45327372e+00  5.71830136e-02  4.65313790e-01
  985  1.08042101e+00  3.72502858e-01  2881.8  1.45292387e+00  6.41111742e-02  4.69942754e-01
  986  1.00965634e+00  4.42890826e-01  3426.4  1.45254717e+00  6.99043094e-02  4.60271531e-01
  987  9.36849422e-01  5.15413635e-01  3987.4  1.45226306e+00  7.34695431e-02  4.35204190e-01
  988  8.66648418e-01  5.85513573e-01  4529.7  1.45216199e+00  7.43452198e-02  4.05065990e-01
  989  8.01412033e-01  6.50837116e-01  5035.1  1.45224915e+00  7.29882173e-02  3.83278229e-01
  990  7.40859674e-01  7.11652421e-01  5505.6  1.45251210e+00  7.08994962e-02  3.71206244e-01
  991  6.81959857e-01  7.71050087e-01  5965.1  1.45300994e+00  7.08676887e-02  3.59896652e-01
  992  6.18260579e-01  8.35492208e-01  6463.7  1.45375279e+00  7.67011328e-02  3.53980998e-01
  993  5.40213506e-01  9.14127612e-01  7072.0  1.45434112e+00  9.25305125e-02  3.75692433e-01
  994  4.39658462e-01  1.01453089e+00  7848.8  1.45418936e+00  1.21209599e-01  4.21147858e-01
  995  3.17400326e-01  1.13549243e+00  8784.6  1.45289276e+00  1.60575995e-01  4.39681162e-01
  996  1.87076733e-01  1.26455819e+00  9783.1  1.45163492e+00  2.03386513e-01  4.77292296e-01
  997  6.59799497e-02  1.38419281e+00 10708.6  1.45017276e+00  2.47615310e-01  5.64172603e-01
  998 -2.67968646e-02  1.47686405e+00 11425.5  1.45006719e+00  2.74655502e-01  7.48922785e-01
  999 -9.00494731e-02  1.54181925e+00 11928.1  1.45176978e+00  2.65922150e-01  9.62801114e-01
 1000 -1.27619113e-01  1.57353284e+00 12173.4  1.44591373e+00  2.47134120e-01  9.24589475e-01
